       1.000000        0.999017        0.995431        0.999137        0.995248        0.997624        0.998268        0.999554        0.998788        0.999389        0.998720        0.998721        0.999903        0.999748        0.998955        0.999545        0.997492        0.998548        0.999979        0.997235        0.999890        0.999748        0.999729        0.999788        0.999932        0.999427        0.999965        0.999900        0.999953        0.997855        0.999542        0.999428        0.998901        0.999203        0.999942        0.999832        0.997054        0.999075        0.999753        0.999571        0.999767        0.999990        0.998343        0.998660        0.999622        0.999937        0.997381        0.997478        0.998068        0.999927        0.999943        0.999992        0.994980        0.998613        0.999755        0.999171        0.999579        0.998969        0.999965        0.998874        0.997474        0.998287        0.996658        0.999553        0.999454        0.999845        0.999813        0.999538        0.999898        0.999364        0.999572        0.998251        0.999995        0.999734        0.995302        0.999994        0.998525        0.998390        0.999879        0.996745        0.999503        0.999991        0.998788        0.999891        0.999657        0.999996        0.999549        0.999986        0.999680        0.999041        0.997385        0.999769        0.998271        0.999139        0.998844        0.999991        0.995674        0.997893        0.998672        0.999464
       0.999017        1.000000        0.990220        0.996314        0.989953        0.999697        0.999895        0.997247        0.995624        0.996857        0.995496        0.995497        0.998302        0.997769        0.995948        0.999899        0.999649        0.995178        0.998709        0.992961        0.999565        0.999760        0.999778        0.997893        0.999467        0.999945        0.998610        0.998290        0.998543        0.993972        0.997218        0.999945        0.999997        0.999990        0.999438        0.998036        0.992674        0.999999        0.997786        0.997291        0.999741        0.998808        0.999912        0.995385        0.997420        0.999451        0.999607        0.999644        0.994333        0.998410        0.998488        0.998830        0.989566        0.995297        0.997792        0.996384        0.997312        0.995975        0.998609        0.995789        0.993344        0.994712        0.992058        0.997245        0.999936        0.998082        0.999687        0.997207        0.999548        0.996801        0.999886        0.994649        0.999157        0.997730        0.990032        0.999167        0.995136        0.994895        0.999586        0.992191        0.999918        0.999192        0.995625        0.999563        0.997513        0.998884        0.997236        0.998764        0.999819        0.996117        0.993201        0.997835        0.994684        0.996317        0.995731        0.999193        0.990577        0.994036        0.995407        0.997031
       0.995431        0.990220        1.000000        0.998538        0.999998        0.986487        0.988090        0.997839        0.998925        0.998161        0.998987        0.998986        0.996665        0.997325        0.998755        0.992099        0.986177        0.999130        0.996029        0.999774        0.993906        0.993039        0.992939        0.997186        0.994245        0.991630        0.996197        0.996682        0.996306        0.999546        0.997865        0.991633        0.989860        0.990825        0.994342        0.997014        0.999822        0.990404        0.997306        0.997800        0.993137        0.995851        0.988286        0.999038        0.997681        0.994298        0.985918        0.986144        0.999440        0.996510        0.996391        0.995809        0.999989        0.999078        0.997300        0.998493        0.997781        0.998739        0.996199        0.998840        0.999699        0.999312        0.999904        0.997841        0.991735        0.996957        0.993399        0.997874        0.993966        0.998203        0.992213        0.999335        0.995112        0.997367        0.999999        0.995089        0.999147        0.999244        0.993826        0.999889        0.991925        0.995027        0.998924        0.993912        0.997591        0.995704        0.997849        0.995930        0.992697        0.998658        0.999729        0.997252        0.999322        0.998536        0.998870        0.995025        0.999997        0.999529        0.999028        0.998023
       0.999137        0.996314        0.998538        1.000000        0.998433        0.993902        0.994963        0.999932        0.999970        0.999978        0.999959        0.999959        0.999619        0.999818        0.999991        0.997430        0.993692        0.999924        0.999385        0.999461        0.998411        0.997954        0.997900        0.999780        0.998583        0.997160        0.999450        0.999625        0.999491        0.999713        0.999936        0.997161        0.996092        0.996682        0.998630        0.999731        0.999380        0.996427        0.999813        0.999925        0.998007        0.999314        0.995091        0.999948        0.999902        0.998609        0.993516        0.993670        0.999787        0.999565        0.999523        0.999297        0.998278        0.999938        0.999812        1.000000        0.999921        0.999993        0.999451        0.999982        0.999563        0.999856        0.999191        0.999932        0.997220        0.999713        0.998148        0.999938        0.998442        0.999983        0.997495        0.999845        0.998995        0.999829        0.998464        0.998985        0.999918        0.999884        0.998371        0.999233        0.997331        0.998956        0.999970        0.998415        0.999882        0.999254        0.999934        0.999346        0.997766        0.999997        0.999526        0.999799        0.999851        1.000000        0.999979        0.998956        0.998674        0.999727        0.999950        0.999961
       0.995248        0.989953        0.999998        0.998433        1.000000        0.986174        0.987795        0.997712        0.998835        0.998044        0.998899        0.998898        0.996508        0.997184        0.998658        0.991858        0.985860        0.999048        0.995857        0.999732        0.993694        0.992813        0.992711        0.997041        0.994040        0.991382        0.996029        0.996525        0.996140        0.999487        0.997739        0.991385        0.989588        0.990566        0.994138        0.996866        0.999785        0.990140        0.997165        0.997672        0.992913        0.995675        0.987994        0.998953        0.997549        0.994093        0.985598        0.985826        0.999375        0.996350        0.996228        0.995633        0.999996        0.998994        0.997159        0.998387        0.997653        0.998642        0.996032        0.998747        0.999651        0.999240        0.999876        0.997714        0.991489        0.996807        0.993179        0.997748        0.993755        0.998087        0.991974        0.999264        0.994922        0.997227        1.000000        0.994899        0.999067        0.999168        0.993613        0.999858        0.991682        0.994835        0.998834        0.993701        0.997457        0.995526        0.997722        0.995757        0.992465        0.998557        0.999683        0.997109        0.999250        0.998431        0.998778        0.994834        0.999990        0.999469        0.998943        0.997901
       0.997624        0.999697        0.986487        0.993902        0.986174        1.000000        0.999949        0.995121        0.993023        0.994605        0.992862        0.992864        0.996567        0.995824        0.993433        0.999248        0.999998        0.992463        0.997157        0.989746        0.998536        0.998918        0.998957        0.995994        0.998362        0.999384        0.997011        0.996550        0.996913        0.990974        0.995082        0.999383        0.999757        0.999579        0.998310        0.996193        0.989401        0.999664        0.995848        0.995179        0.998879        0.997304        0.999935        0.992722        0.995351        0.998334        0.999994        0.999998        0.991416        0.996720        0.996834        0.997337        0.985721        0.992612        0.995855        0.993991        0.995206        0.993468        0.997009        0.993231        0.990209        0.991884        0.988662        0.995118        0.999355        0.996257        0.998769        0.995068        0.998506        0.994533        0.999212        0.991806        0.997845        0.995771        0.986267        0.997860        0.992411        0.992110        0.998575        0.988822        0.999300        0.997901        0.993025        0.998533        0.995477        0.997419        0.995106        0.997239        0.999048        0.993649        0.990036        0.995915        0.991850        0.993906        0.993159        0.997902        0.986906        0.991051        0.992750        0.994835
       0.998268        0.999895        0.988090        0.994963        0.987795        0.999949        1.000000        0.996065        0.994162        0.995601        0.994014        0.994016        0.997351        0.996694        0.994537        0.999588        0.999928        0.993649        0.997866        0.991136        0.999031        0.999336        0.999367        0.996845        0.998888        0.999687        0.997739        0.997336        0.997654        0.992276        0.996030        0.999687        0.999928        0.999821        0.998845        0.997022        0.990815        0.999874        0.996715        0.996117        0.999306        0.997993        0.999999        0.993887        0.996272        0.998865        0.999909        0.999926        0.992685        0.997486        0.997585        0.998022        0.987370        0.993786        0.996722        0.995045        0.996142        0.994569        0.997738        0.994352        0.991567        0.993116        0.990126        0.996063        0.999666        0.997078        0.999219        0.996018        0.999007        0.995536        0.999562        0.993044        0.998456        0.996647        0.987883        0.998469        0.993601        0.993325        0.999062        0.990276        0.999627        0.998503        0.994164        0.999028        0.996385        0.998093        0.996052        0.997937        0.999437        0.994734        0.991406        0.996775        0.993084        0.994967        0.994286        0.998504        0.988483        0.992347        0.993912        0.995808
       0.999554        0.997247        0.997839        0.999932        0.997712        0.995121        0.996065        1.000000        0.999812        0.999987        0.999785        0.999785        0.999873        0.999973        0.999875        0.998198        0.994933        0.999711        0.999726        0.999010        0.999001        0.998632        0.998588        0.999957        0.999136        0.997971        0.999769        0.999876        0.999795        0.999365        1.000000        0.997972        0.997055        0.997564        0.999173        0.999933        0.998900        0.997345        0.999971        1.000000        0.998676        0.999678        0.996178        0.999760        0.999997        0.999156        0.994776        0.994913        0.999479        0.999841        0.999815        0.999666        0.997525        0.999740        0.999970        0.999941        1.000000        0.999879        0.999770        0.999845        0.999150        0.999589        0.998653        1.000000        0.998022        0.999925        0.998790        1.000000        0.999025        0.999983        0.998253        0.999571        0.999450        0.999977        0.997750        0.999443        0.999701        0.999639        0.998969        0.998708        0.998115        0.999421        0.999813        0.999004        0.999993        0.999636        1.000000        0.999700        0.998478        0.999903        0.999099        0.999965        0.999581        0.999932        0.999834        0.999421        0.998005        0.999385        0.999765        0.999996
       0.998788        0.995624        0.998925        0.999970        0.998835        0.993023        0.994162        0.999812        1.000000        0.999898        0.999999        0.999999        0.999377        0.999641        0.999994        0.996849        0.992799        0.999989        0.999085        0.999684        0.997948        0.997432        0.997371        0.999589        0.998143        0.996550        0.999165        0.999384        0.999216        0.999868        0.999820        0.996551        0.995382        0.996026        0.998198        0.999522        0.999621        0.995747        0.999634        0.999801        0.997492        0.998999        0.994299        0.999997        0.999764        0.998173        0.992611        0.992775        0.999917        0.999309        0.999255        0.998978        0.998700        0.999994        0.999632        0.999964        0.999795        0.999993        0.999166        0.999998        0.999761        0.999957        0.999471        0.999813        0.996617        0.999499        0.997649        0.999823        0.997982        0.999908        0.996921        0.999951        0.998620        0.999657        0.998862        0.998608        0.999987        0.999972        0.997901        0.999505        0.996738        0.998575        1.000000        0.997952        0.999734        0.998926        0.999815        0.999038        0.997222        0.999985        0.999734        0.999614        0.999954        0.999970        0.999999        0.998574        0.999041        0.999877        0.999997        0.999864
       0.999389        0.996857        0.998161        0.999978        0.998044        0.994605        0.995601        0.999987        0.999898        1.000000        0.999878        0.999878        0.999779        0.999922        0.999942        0.997880        0.994408        0.999821        0.999594        0.999224        0.998760        0.998353        0.998304        0.999897        0.998911        0.997633        0.999647        0.999783        0.999679        0.999534        0.999989        0.997635        0.996651        0.997196        0.998953        0.999862        0.999126        0.996961        0.999919        0.999984        0.998401        0.999536        0.995720        0.999859        0.999972        0.998934        0.994242        0.994387        0.999630        0.999738        0.999704        0.999522        0.997871        0.999843        0.999918        0.999983        0.999982        0.999946        0.999647        0.999922        0.999347        0.999722        0.998905        0.999987        0.997689        0.999849        0.998526        0.999990        0.998787        1.000000        0.997939        0.999708        0.999268        0.999929        0.998079        0.999260        0.999813        0.999763        0.998724        0.998954        0.997789        0.999235        0.999898        0.998763        0.999962        0.999486        0.999988        0.999562        0.998184        0.999961        0.999302        0.999909        0.999716        0.999979        0.999914        0.999235        0.998314        0.999551        0.999863        0.999997
       0.998720        0.995496        0.998987        0.999959        0.998899        0.992862        0.994014        0.999785        0.999999        0.999878        1.000000        1.000000        0.999328        0.999604        0.999988        0.996740        0.992635        0.999995        0.999027        0.999717        0.997860        0.997334        0.997272        0.999550        0.998059        0.996436        0.999109        0.999335        0.999161        0.999889        0.999793        0.996438        0.995251        0.995904        0.998115        0.999479        0.999658        0.995621        0.999597        0.999773        0.997395        0.998937        0.994154        0.999999        0.999733        0.998090        0.992446        0.992611        0.999933        0.999257        0.999202        0.998916        0.998768        0.999998        0.999595        0.999951        0.999767        0.999986        0.999110        0.999995        0.999790        0.999969        0.999514        0.999786        0.996504        0.999455        0.997556        0.999796        0.997895        0.999888        0.996814        0.999963        0.998548        0.999620        0.998925        0.998536        0.999993        0.999981        0.997813        0.999547        0.996628        0.998502        0.999999        0.997864        0.999702        0.998863        0.999788        0.998977        0.997120        0.999977        0.999764        0.999576        0.999966        0.999959        0.999997        0.998501        0.999099        0.999897        1.000000        0.999840
       0.998721        0.995497        0.998986        0.999959        0.998898        0.992864        0.994016        0.999785        0.999999        0.999878        1.000000        1.000000        0.999328        0.999605        0.999988        0.996741        0.992637        0.999995        0.999027        0.999717        0.997861        0.997335        0.997273        0.999550        0.998060        0.996438        0.999110        0.999336        0.999162        0.999889        0.999794        0.996439        0.995252        0.995905        0.998116        0.999480        0.999657        0.995622        0.999597        0.999773        0.997396        0.998938        0.994155        0.999999        0.999734        0.998091        0.992448        0.992613        0.999933        0.999258        0.999202        0.998917        0.998768        0.999998        0.999595        0.999951        0.999767        0.999987        0.999111        0.999995        0.999790        0.999968        0.999514        0.999786        0.996506        0.999456        0.997557        0.999796        0.997896        0.999889        0.996815        0.999963        0.998549        0.999621        0.998925        0.998537        0.999993        0.999981        0.997814        0.999546        0.996629        0.998502        0.999999        0.997865        0.999703        0.998863        0.999789        0.998978        0.997122        0.999977        0.999764        0.999576        0.999966        0.999959        0.999997        0.998502        0.999099        0.999897        1.000000        0.999841
       0.999903        0.998302        0.996665        0.999619        0.996508        0.996567        0.997351        0.999873        0.999377        0.999779        0.999328        0.999328        1.000000        0.999964        0.999495        0.999028        0.996409        0.999202        0.999972        0.998174        0.999586        0.999339        0.999308        0.999978        0.999671        0.998859        0.999985        1.000000        0.999991        0.998670        0.999867        0.998860        0.998150        0.998549        0.999694        0.999990        0.998026        0.998379        0.999966        0.999882        0.999369        0.999955        0.997444        0.999284        0.999908        0.999684        0.996276        0.996392        0.998837        0.999998        0.999995        0.999951        0.996278        0.999250        0.999966        0.999641        0.999887        0.999505        0.999985        0.999438        0.998367        0.999005        0.997700        0.999873        0.998897        0.999993        0.999447        0.999864        0.999602        0.999764        0.999068        0.998978        0.999852        0.999959        0.996555        0.999848        0.999184        0.999084        0.999565        0.997772        0.998966        0.999837        0.999377        0.999588        0.999925        0.999939        0.999871        0.999963        0.999230        0.999554        0.998296        0.999972        0.998993        0.999620        0.999417        0.999836        0.996872        0.998700        0.999293        0.999823
       0.999748        0.997769        0.997325        0.999818        0.997184        0.995824        0.996694        0.999973        0.999641        0.999922        0.999604        0.999605        0.999964        1.000000        0.999730        0.998615        0.995651        0.999506        0.999872        0.998653        0.999305        0.998992        0.998954        0.999998        0.999416        0.998415        0.999901        0.999965        0.999918        0.999074        0.999970        0.998416        0.997595        0.998053        0.999447        0.999991        0.998526        0.997857        1.000000        0.999977        0.999029        0.999839        0.996798        0.999571        0.999987        0.999433        0.995504        0.995632        0.999212        0.999946        0.999930        0.999830        0.996977        0.999544        1.000000        0.999833        0.999979        0.999737        0.999901        0.999688        0.998818        0.999349        0.998242        0.999972        0.998460        0.999988        0.999127        0.999968        0.999325        0.999913        0.998663        0.999327        0.999668        1.000000        0.997226        0.999662        0.999493        0.999413        0.999277        0.998304        0.998542        0.999646        0.999642        0.999307        0.999993        0.999809        0.999971        0.999854        0.998859        0.999772        0.998757        1.000000        0.999340        0.999819        0.999672        0.999645        0.997510        0.999099        0.999577        0.999947
       0.998955        0.995948        0.998755        0.999991        0.998658        0.993433        0.994537        0.999875        0.999994        0.999942        0.999988        0.999988        0.999495        0.999730        1.000000        0.997123        0.993216        0.999966        0.999230        0.999589        0.998168        0.997679        0.997621        0.999684        0.998352        0.996837        0.999303        0.999502        0.999350        0.999804        0.999881        0.996838        0.995715        0.996334        0.998403        0.999625        0.999518        0.996066        0.999724        0.999865        0.997735        0.999151        0.994670        0.999982        0.999834        0.998380        0.993034        0.993193        0.999865        0.999434        0.999385        0.999132        0.998514        0.999976        0.999722        0.999988        0.999860        1.000000        0.999304        0.999998        0.999678        0.999918        0.999350        0.999875        0.996901        0.999605        0.997885        0.999883        0.998201        0.999949        0.997192        0.999910        0.998800        0.999743        0.998687        0.998788        0.999963        0.999939        0.998124        0.999388        0.997017        0.998757        0.999994        0.998171        0.999810        0.999084        0.999877        0.999186        0.997479        0.999998        0.999646        0.999706        0.999914        0.999991        0.999997        0.998756        0.998880        0.999815        0.999983        0.999916
       0.999545        0.999899        0.992099        0.997430        0.991858        0.999248        0.999588        0.998198        0.996849        0.997880        0.996740        0.996741        0.999028        0.998615        0.997123        1.000000        0.999173        0.996469        0.999329        0.994541        0.999882        0.999970        0.999976        0.998712        0.999830        0.999993        0.999257        0.999019        0.999208        0.995427        0.998175        0.999993        0.999860        0.999952        0.999813        0.998824        0.994288        0.999917        0.998629        0.998233        0.999963        0.999399        0.999624        0.996646        0.998337        0.999820        0.999108        0.999165        0.995741        0.999109        0.999167        0.999415        0.991510        0.996571        0.998633        0.997488        0.998250        0.997146        0.999256        0.996989        0.994878        0.996069        0.993741        0.998197        0.999996        0.998860        0.999941        0.998166        0.999874        0.997834        1.000000        0.996014        0.999639        0.998585        0.991930        0.999645        0.996433        0.996226        0.999893        0.993860        0.999999        0.999662        0.996850        0.999882        0.998412        0.999453        0.998189        0.999369        0.999988        0.997265        0.994752        0.998667        0.996045        0.997433        0.996940        0.999662        0.992419        0.995482        0.996664        0.998023
       0.997492        0.999649        0.986177        0.993692        0.985860        0.999998        0.999928        0.994933        0.992799        0.994408        0.992635        0.992637        0.996409        0.995651        0.993216        0.999173        1.000000        0.992231        0.997013        0.989475        0.998432        0.998829        0.998869        0.995824        0.998252        0.999316        0.996863        0.996392        0.996763        0.990720        0.994893        0.999315        0.999714        0.999523        0.998199        0.996027        0.989126        0.999613        0.995675        0.994992        0.998788        0.997164        0.999912        0.992494        0.995168        0.998223        0.999999        1.000000        0.991168        0.996566        0.996682        0.997198        0.985403        0.992382        0.995682        0.993783        0.995021        0.993252        0.996861        0.993011        0.989945        0.991643        0.988377        0.994930        0.999286        0.996092        0.998674        0.994879        0.998402        0.994335        0.999135        0.991564        0.997719        0.995597        0.985954        0.997735        0.992178        0.991873        0.998472        0.988539        0.999228        0.997777        0.992801        0.998429        0.995296        0.997283        0.994918        0.997097        0.998964        0.993436        0.989769        0.995743        0.991608        0.993696        0.992937        0.997778        0.986601        0.990798        0.992522        0.994642
       0.998548        0.995178        0.999130        0.999924        0.999048        0.992463        0.993649        0.999711        0.999989        0.999821        0.999995        0.999995        0.999202        0.999506        0.999966        0.996469        0.992231        1.000000        0.998876        0.999790        0.997639        0.997088        0.997023        0.999445        0.997849        0.996153        0.998964        0.999210        0.999021        0.999933        0.999721        0.996154        0.994924        0.995600        0.997907        0.999368        0.999738        0.995307        0.999498        0.999697        0.997151        0.998780        0.993792        0.999998        0.999652        0.997881        0.992036        0.992206        0.999966        0.999125        0.999065        0.998757        0.998927        0.999999        0.999495        0.999913        0.999690        0.999964        0.998966        0.999979        0.999852        0.999989        0.999612        0.999712        0.996224        0.999341        0.997320        0.999724        0.997676        0.999834        0.996545        0.999986        0.998365        0.999524        0.999073        0.998352        1.000000        0.999996        0.997589        0.999641        0.996352        0.998316        0.999989        0.997643        0.999616        0.998700        0.999715        0.998823        0.996865        0.999949        0.999830        0.999474        0.999988        0.999923        0.999983        0.998315        0.999234        0.999939        0.999997        0.999776
       0.999979        0.998709        0.996029        0.999385        0.995857        0.997157        0.997866        0.999726        0.999085        0.999594        0.999027        0.999027        0.999972        0.999872        0.999230        0.999329        0.997013        0.998876        1.000000        0.997696        0.999773        0.999582        0.999557        0.999900        0.999835        0.999187        0.999998        0.999971        0.999995        0.998258        0.999717        0.999188        0.998576        0.998923        0.999851        0.999930        0.997530        0.998776        0.999876        0.999740        0.999606        0.999998        0.997949        0.998975        0.999779        0.999844        0.996892        0.996997        0.998450        0.999984        0.999991        0.999997        0.995608        0.998933        0.999878        0.999413        0.999746        0.999242        0.999998        0.999160        0.997913        0.998645        0.997166        0.999726        0.999220        0.999938        0.999667        0.999714        0.999784        0.999574        0.999362        0.998613        0.999952        0.999863        0.995908        0.999950        0.998855        0.998737        0.999757        0.997246        0.999277        0.999944        0.999086        0.999774        0.999806        0.999994        0.999723        0.999999        0.999495        0.999303        0.997832        0.999888        0.998631        0.999387        0.999134        0.999943        0.996255        0.998292        0.998985        0.999655
       0.997235        0.992961        0.999774        0.999461        0.999732        0.989746        0.991136        0.999010        0.999684        0.999224        0.999717        0.999717        0.998174        0.998653        0.999589        0.994541        0.989475        0.999790        0.997696        1.000000        0.996024        0.995318        0.995235        0.998554        0.996297        0.994150        0.997824        0.998186        0.997906        0.999961        0.999027        0.994152        0.992655        0.993473        0.996374        0.998430        0.999997        0.993117        0.998639        0.998984        0.995398        0.997559        0.991306        0.999744        0.998902        0.996339        0.989249        0.989446        0.999925        0.998059        0.997970        0.997528        0.999666        0.999765        0.998635        0.999434        0.998971        0.999580        0.997825        0.999638        0.999995        0.999875        0.999973        0.999011        0.994237        0.998388        0.995612        0.999034        0.996072        0.999251        0.994636        0.999884        0.996986        0.998683        0.999745        0.996968        0.999799        0.999845        0.995959        0.999980        0.994396        0.996919        0.999684        0.996029        0.998840        0.997447        0.999017        0.997620        0.995036        0.999533        0.999998        0.998601        0.999879        0.999460        0.999654        0.996917        0.999826        0.999955        0.999739        0.999133
       0.999890        0.999565        0.993906        0.998411        0.993694        0.998536        0.999031        0.999001        0.997948        0.998760        0.997860        0.997861        0.999586        0.999305        0.998168        0.999882        0.998432        0.997639        0.999773        0.996024        1.000000        0.999971        0.999964        0.999373        0.999995        0.999819        0.999730        0.999580        0.999701        0.996775        0.998983        0.999820        0.999486        0.999685        0.999992        0.999450        0.995807        0.999603        0.999314        0.999027        0.999977        0.999813        0.999086        0.997783        0.999104        0.999993        0.998344        0.998421        0.997037        0.999639        0.999675        0.999822        0.993387        0.997722        0.999317        0.998457        0.999040        0.998186        0.999730        0.998060        0.996311        0.997310        0.995337        0.999000        0.999834        0.999474        0.999990        0.998977        1.000000        0.998726        0.999896        0.997265        0.999933        0.999283        0.993757        0.999936        0.997610        0.997440        1.000000        0.995440        0.999860        0.999943        0.997949        1.000000        0.999159        0.999843        0.998994        0.999796        0.999945        0.998281        0.996204        0.999341        0.997290        0.998414        0.998021        0.999943        0.994187        0.996821        0.997798        0.998869
       0.999748        0.999760        0.993039        0.997954        0.992813        0.998918        0.999336        0.998632        0.997432        0.998353        0.997334        0.997335        0.999339        0.998992        0.997679        0.999970        0.998829        0.997088        0.999582        0.995318        0.999971        1.000000        1.000000        0.999075        0.999942        0.999935        0.999525        0.999331        0.999486        0.996136        0.998612        0.999935        0.999701        0.999847        0.999932        0.999169        0.995083        0.999788        0.999004        0.998663        1.000000        0.999637        0.999382        0.997248        0.998753        0.999937        0.998752        0.998819        0.996424        0.999405        0.999453        0.999650        0.992485        0.997181        0.999007        0.998006        0.998678        0.997700        0.999524        0.997558        0.995629        0.996724        0.994575        0.998631        0.999944        0.999199        0.999995        0.998604        0.999967        0.998313        0.999977        0.996674        0.999817        0.998966        0.992880        0.999821        0.997056        0.996867        0.999976        0.994686        0.999959        0.999833        0.997434        0.999971        0.998818        0.999679        0.998624        0.999613        0.999996        0.997807        0.995513        0.999036        0.996702        0.997957        0.997514        0.999833        0.993339        0.996186        0.997265        0.998479
       0.999729        0.999778        0.992939        0.997900        0.992711        0.998957        0.999367        0.998588        0.997371        0.998304        0.997272        0.997273        0.999308        0.998954        0.997621        0.999976        0.998869        0.997023        0.999557        0.995235        0.999964        1.000000        1.000000        0.999038        0.999933        0.999944        0.999499        0.999300        0.999458        0.996061        0.998567        0.999944        0.999721        0.999861        0.999922        0.999134        0.994999        0.999805        0.998966        0.998619        0.999999        0.999614        0.999412        0.997185        0.998711        0.999927        0.998794        0.998860        0.996352        0.999376        0.999425        0.999627        0.992381        0.997117        0.998969        0.997952        0.998634        0.997642        0.999498        0.997499        0.995550        0.996655        0.994487        0.998586        0.999952        0.999165        0.999992        0.998559        0.999960        0.998263        0.999982        0.996605        0.999800        0.998927        0.992779        0.999805        0.996990        0.996800        0.999970        0.994598        0.999966        0.999817        0.997372        0.999964        0.998776        0.999657        0.998580        0.999589        0.999998        0.997750        0.995433        0.998999        0.996632        0.997902        0.997454        0.999817        0.993241        0.996112        0.997202        0.998432
       0.999788        0.997893        0.997186        0.999780        0.997041        0.995994        0.996845        0.999957        0.999589        0.999897        0.999550        0.999550        0.999978        0.999998        0.999684        0.998712        0.995824        0.999445        0.999900        0.998554        0.999373        0.999075        0.999038        1.000000        0.999479        0.998519        0.999926        0.999979        0.999940        0.998991        0.999953        0.998520        0.997724        0.998169        0.999507        0.999997        0.998422        0.997978        0.999999        0.999962        0.999110        0.999871        0.996946        0.999514        0.999976        0.999494        0.995680        0.995805        0.999136        0.999964        0.999951        0.999863        0.996830        0.999485        0.999999        0.999797        0.999965        0.999692        0.999926        0.999639        0.998725        0.999280        0.998129        0.999957        0.998563        0.999996        0.999203        0.999952        0.999392        0.999886        0.998758        0.999257        0.999715        0.999997        0.997085        0.999709        0.999431        0.999346        0.999347        0.998193        0.998642        0.999694        0.999590        0.999375        0.999984        0.999844        0.999955        0.999884        0.998947        0.999730        0.998662        1.000000        0.999270        0.999781        0.999622        0.999694        0.997376        0.999017        0.999521        0.999926
       0.999932        0.999467        0.994245        0.998583        0.994040        0.998362        0.998888        0.999136        0.998143        0.998911        0.998059        0.998060        0.999671        0.999416        0.998352        0.999830        0.998252        0.997849        0.999835        0.996297        0.999995        0.999942        0.999933        0.999479        1.000000        0.999755        0.999798        0.999666        0.999772        0.997020        0.999119        0.999755        0.999381        0.999602        1.000000        0.999549        0.996088        0.999510        0.999425        0.999160        0.999951        0.999869        0.998948        0.997986        0.999231        1.000000        0.998159        0.998241        0.997273        0.999718        0.999750        0.999876        0.993741        0.997928        0.999428        0.998626        0.999172        0.998370        0.999798        0.998250        0.996574        0.997534        0.995634        0.999135        0.999773        0.999571        0.999971        0.999113        0.999997        0.998878        0.999846        0.997491        0.999965        0.999396        0.994101        0.999966        0.997821        0.997658        0.999993        0.995733        0.999803        0.999971        0.998144        0.999995        0.999282        0.999893        0.999129        0.999854        0.999908        0.998460        0.996471        0.999450        0.997515        0.998585        0.998213        0.999972        0.994518        0.997065        0.998001        0.999013
