       1.000000        0.873924        0.992339        0.979129        0.971858        0.987412        0.952509        0.999835        0.973834        0.997409        0.999999        0.982851        0.963438        0.992444        0.998757        0.943734        0.978801        0.999211        0.940209        0.776198        0.992808        0.981187        0.997530        0.999258        0.968826        0.999230        0.992392        0.999344        0.962941        0.995585        0.998791        0.999072        0.990842        0.990152        0.998266        0.999240        0.998338        0.998836        0.994927        0.981165        0.999259        0.992851        0.997203        0.994325        0.999233        0.990320        0.999541        0.996960        0.999651        0.996599       -0.985724       -0.997264       -0.992178       -0.997923       -0.993365       -0.984457       -0.990447       -0.943942       -0.996882       -0.989093       -0.997019       -0.975041       -0.991871       -0.975039       -0.995603       -0.978031       -0.995339       -0.977824       -0.995121       -0.996125       -0.973618       -0.997834       -0.997787       -0.978601       -0.972842       -0.996201       -0.974515       -0.996835       -0.988775       -0.981183       -0.995501       -0.995083       -0.997212       -0.997646       -0.996381       -0.983966       -0.995356       -0.984614       -0.980384       -0.980547       -0.992838       -0.991128       -0.989115       -0.978559       -0.991566       -0.967416       -0.996769       -0.995023       -0.979500       -0.961235
       0.873924        1.000000        0.927274        0.954468        0.963827        0.939774        0.980424        0.864953        0.961514        0.906624        0.874697        0.948565        0.972198        0.926954        0.897063        0.985491        0.954940        0.892540        0.987222        0.984671        0.925818        0.951315        0.905904        0.892000        0.967095        0.887180        0.925455        0.860120        0.971850        0.913758        0.893313        0.890064        0.801176        0.932045        0.897968        0.858182        0.847349        0.891867        0.821618        0.950416        0.887718        0.923918        0.905330        0.818263        0.857656        0.798678        0.879895        0.835237        0.868703        0.832008       -0.786448       -0.854524       -0.816238       -0.874998       -0.915310       -0.781732       -0.926165       -0.668152       -0.894170       -0.930437       -0.892700       -0.956925       -0.814299       -0.957070       -0.904442       -0.759084       -0.835642       -0.758325       -0.833728       -0.901778       -0.958620       -0.865384       -0.863164       -0.761044       -0.959701       -0.844251       -0.748232       -0.892963       -0.800083       -0.947508       -0.838506       -0.834849       -0.857285       -0.864943       -0.846908       -0.780309       -0.837543       -0.782627       -0.767230       -0.768239       -0.820573       -0.923430       -0.801600       -0.761390       -0.813984       -0.965377       -0.851368       -0.834474       -0.949883       -0.971405
       0.992339        0.927274        1.000000        0.996737        0.993515        0.999381        0.982830        0.989932        0.994449        0.998656        0.992535        0.998103        0.989157        0.999999        0.997264        0.977358        0.996603        0.996463        0.975083        0.848094        0.999990        0.997520        0.998566        0.996362        0.992010        0.995110        0.999575        0.988319        0.988689        0.999061        0.996332        0.995722        0.966785        0.999525        0.997111        0.987746        0.984297        0.995998        0.975130        0.997275        0.995270        0.999538        0.998164        0.973813        0.987607        0.965749        0.993497        0.980157        0.990737        0.979059       -0.959141       -0.985323       -0.971680       -0.991032       -0.997760       -0.956967       -0.998269       -0.896904       -0.995099       -0.998311       -0.994832       -0.994215       -0.970951       -0.994250       -0.996723       -0.946264       -0.979044       -0.945911       -0.978389       -0.996449       -0.993549       -0.988521       -0.987920       -0.947201       -0.993226       -0.981895       -0.940799       -0.994758       -0.964956       -0.996554       -0.979897       -0.978646       -0.985985       -0.988264       -0.982709       -0.956228       -0.979541       -0.957316       -0.950146       -0.950529       -0.973291       -0.998100       -0.965604       -0.947257       -0.970638       -0.990487       -0.984141       -0.978505       -0.995861       -0.987257
       0.979129        0.954468        0.996737        1.000000        0.999451        0.998940        0.994516        0.975276        0.999697        0.991212        0.979452        0.999815        0.997784        0.996667        0.988042        0.991249        0.999996        0.986429        0.989808        0.888061        0.996415        0.999945        0.990986        0.986232        0.998956        0.984198        0.996011        0.972951        0.997343        0.993078        0.986494        0.985307        0.943081        0.997392        0.988119        0.972077        0.966992        0.985916        0.954138        0.999561        0.984441        0.995650        0.990546        0.952365        0.971852        0.941716        0.981342        0.961081        0.976729        0.959509       -0.933810       -0.969346       -0.950223       -0.978308       -0.992358       -0.931061       -0.995104       -0.858719       -0.985682       -0.996059       -0.985152       -0.998504       -0.949224       -0.998564       -0.989190       -0.917651       -0.960273       -0.917206       -0.959339       -0.988397       -0.998339       -0.974235       -0.973278       -0.918820       -0.998315       -0.964400       -0.910958       -0.985149       -0.941382       -0.998338       -0.961570       -0.959785       -0.970469       -0.973936       -0.965622       -0.930166       -0.961079       -0.931532       -0.922500       -0.923023       -0.952441       -0.994379       -0.942226       -0.918940       -0.948906       -0.997354       -0.967724       -0.959592       -0.998297       -0.996080
       0.971858        0.963827        0.993515        0.999451        1.000000        0.996869        0.997433        0.967420        0.999962        0.986286        0.972233        0.998631        0.999439        0.993416        0.982391        0.995077        0.999499        0.980448        0.993983        0.902799        0.993065        0.999051        0.986004        0.980212        0.999921        0.977845        0.992649        0.964792        0.998993        0.988731        0.980578        0.979157        0.931559        0.994616        0.982546        0.963796        0.958049        0.979900        0.943709        0.998595        0.978123        0.992156        0.985532        0.941753        0.963538        0.930064        0.974484        0.951423        0.969121        0.949663       -0.921691       -0.961000       -0.939664       -0.971280       -0.988308       -0.918712       -0.991964       -0.841465       -0.979996       -0.993291       -0.979359       -0.998415       -0.938556       -0.998484       -0.984270       -0.904216       -0.950797       -0.903734       -0.949749       -0.983265       -0.998456       -0.966573       -0.965471       -0.905478       -0.998554       -0.955442       -0.897031       -0.979387       -0.929973       -0.997222       -0.952275       -0.950274       -0.962311       -0.966258       -0.956828       -0.917755       -0.951730       -0.919233       -0.909454       -0.910034       -0.942128       -0.991015       -0.930894       -0.905625       -0.938239       -0.998328       -0.959202       -0.950060       -0.997450       -0.997857
       0.987412        0.939774        0.999381        0.998940        0.996869        1.000000        0.988675        0.984374        0.997514        0.996225        0.987660        0.999633        0.993679        0.999356        0.994066        0.984150        0.998872        0.992915        0.982223        0.866000        0.999245        0.999367        0.996079        0.992771        0.995798        0.991285        0.998940        0.982547        0.993332        0.997372        0.992966        0.992106        0.957378        0.999504        0.994116        0.981842        0.977689        0.992539        0.966898        0.999162        0.991471        0.998765        0.995768        0.965384        0.981661        0.956189        0.989135        0.972773        0.985558        0.971450       -0.948672       -0.978925       -0.962892       -0.986049       -0.995958       -0.946244       -0.997445       -0.880826       -0.991552       -0.997891       -0.991170       -0.996638       -0.962049       -0.996689       -0.993999       -0.934362       -0.971431       -0.933971       -0.970657       -0.993506       -0.996183       -0.982860       -0.982106       -0.935398       -0.995993       -0.974827       -0.928354       -0.991117       -0.955239       -0.997888       -0.972463       -0.970983       -0.979772       -0.982573       -0.975812       -0.945429       -0.972047       -0.946641       -0.938660       -0.939095       -0.964759       -0.997025       -0.955972       -0.935471       -0.961717       -0.994006       -0.977535       -0.970819       -0.997465       -0.991629
       0.952509        0.980424        0.982830        0.994516        0.997433        0.988675        1.000000        0.946821        0.996789        0.971945        0.952992        0.992324        0.999271        0.982675        0.966503        0.999618        0.994684        0.963854        0.999268        0.931186        0.982112        0.993378        0.971545        0.963533        0.998251        0.960551        0.981770        0.943635        0.998915        0.975730        0.964214        0.962291        0.903253        0.984989        0.966920        0.942378        0.935228        0.963331        0.917715        0.992860        0.960896        0.980994        0.971104        0.915369        0.942044        0.901473        0.956113        0.927078        0.949139        0.924900       -0.891815       -0.939126       -0.913084       -0.952216       -0.975617       -0.888347       -0.981238       -0.800803       -0.963801       -0.983370       -0.962936       -0.994273       -0.911747       -0.994366       -0.969719       -0.871560       -0.926520       -0.871002       -0.925234       -0.968265       -0.994755       -0.946159       -0.944750       -0.873018       -0.995120       -0.932256       -0.863337       -0.963021       -0.901585       -0.990860       -0.928373       -0.925915       -0.940827       -0.945801       -0.933990       -0.887254       -0.927711       -0.888969       -0.877613       -0.878307       -0.916063       -0.979796       -0.902673       -0.873213       -0.911420       -0.996466       -0.936941       -0.925656       -0.991659       -0.997742
       0.999835        0.864953        0.989932        0.975276        0.967420        0.984374        0.946821        1.000000        0.969546        0.995938        0.999805        0.979340        0.958413        0.990051        0.997687        0.937571        0.974918        0.998324        0.933869        0.764637        0.990469        0.977518        0.996090        0.998393        0.964168        0.998526        0.990034        0.999658        0.957893        0.993770        0.997845        0.998256        0.993084        0.987476        0.997129        0.999623        0.999095        0.997943        0.996539        0.977511        0.998538        0.990565        0.995755        0.996042        0.999636        0.992639        0.999119        0.998126        0.999653        0.997877       -0.988409       -0.997780       -0.993960       -0.997696       -0.991483       -0.987277       -0.988062       -0.949688       -0.995904       -0.986503       -0.996101       -0.971003       -0.993715       -0.970995       -0.994198       -0.981488       -0.996498       -0.981302       -0.996344       -0.994836       -0.969471       -0.997963       -0.997996       -0.982003       -0.968628       -0.997068       -0.978264       -0.995902       -0.991051       -0.977697       -0.996561       -0.996265       -0.997625       -0.997786       -0.997155       -0.986824       -0.996447       -0.987407       -0.983614       -0.983746       -0.994481       -0.988870       -0.991346       -0.981949       -0.993415       -0.962817       -0.997389       -0.996217       -0.975873       -0.956209
       0.973834        0.961514        0.994449        0.999697        0.999962        0.997514        0.996789        0.969546        1.000000        0.987658        0.974195        0.999040        0.999119        0.994360        0.983951        0.994196        0.999735        0.982093        0.993008        0.899069        0.994036        0.999388        0.987391        0.981867        0.999775        0.979626        0.993663        0.967032        0.998716        0.989996        0.982244        0.980883        0.934658        0.995477        0.984126        0.966066        0.960492        0.981596        0.946526        0.998989        0.979891        0.993205        0.986969        0.944616        0.965815        0.933193        0.976395        0.954047        0.971220        0.952328       -0.924811       -0.963152       -0.942381       -0.973094       -0.989358       -0.921890       -0.992784       -0.845903       -0.981465       -0.994018       -0.980856       -0.998458       -0.941303       -0.998526       -0.985544       -0.907673       -0.953239       -0.907201       -0.952221       -0.984597       -0.998443       -0.968550       -0.967486       -0.908910       -0.998511       -0.957747       -0.900611       -0.980872       -0.932905       -0.997527       -0.954665       -0.952721       -0.964409       -0.968235       -0.959089       -0.920946       -0.954133       -0.922396       -0.912809       -0.913371       -0.944779       -0.991888       -0.933807       -0.909046       -0.940979       -0.998090       -0.961393       -0.952512       -0.997681       -0.997416
       0.997409        0.906624        0.998656        0.991212        0.986286        0.996225        0.971945        0.995938        0.987658        1.000000        0.997523        0.993570        0.980215        0.998698        0.999754        0.965077        0.990996        0.999479        0.962274        0.819521        0.998845        0.992531        0.999998        0.999440        0.984138        0.998682        0.998412        0.994777        0.979716        0.999453        0.999210        0.998973        0.978672        0.997444        0.999443        0.994400        0.992012        0.999032        0.985246        0.992363        0.998789        0.998582        0.999610        0.984226        0.994317        0.977851        0.997873        0.989024        0.996314        0.988236       -0.972130       -0.992216       -0.982140       -0.995816       -0.997819       -0.970333       -0.996889       -0.918361       -0.997747       -0.996345       -0.997649       -0.988061       -0.981586       -0.988080       -0.998154       -0.961405       -0.987753       -0.961112       -0.987280       -0.998213       -0.987076       -0.994317       -0.993947       -0.962190       -0.986562       -0.989776       -0.956749       -0.997530       -0.976798       -0.992001       -0.988320       -0.987415       -0.992582       -0.994090       -0.990326       -0.969698       -0.988052       -0.970603       -0.964654       -0.964946       -0.983356       -0.997078       -0.977318       -0.962207       -0.981279       -0.982692       -0.991323       -0.987308       -0.990893       -0.978217
       0.999999        0.874697        0.992535        0.979452        0.972233        0.987660        0.952992        0.999805        0.974195        0.997523        1.000000        0.983144        0.963863        0.992637        0.998835        0.944259        0.979125        0.999272        0.940751        0.777207        0.992996        0.981493        0.997641        0.999318        0.969220        0.999262        0.992568        0.999288        0.963354        0.995715        0.998845        0.999114        0.990618        0.990357        0.998337        0.999178        0.998243        0.998883        0.994759        0.981456        0.999294        0.993021        0.997300        0.994148        0.999170        0.990090        0.999548        0.996830        0.999622        0.996461       -0.985511       -0.997239       -0.992044       -0.997964       -0.993549       -0.984232       -0.990673       -0.943462       -0.996987       -0.989337       -0.997120       -0.975410       -0.991732       -0.975408       -0.995745       -0.977750       -0.995259       -0.977541       -0.995035       -0.996257       -0.973996       -0.997843       -0.997788       -0.978325       -0.973225       -0.996147       -0.974210       -0.996938       -0.988599       -0.981504       -0.995431       -0.995002       -0.997198       -0.997655       -0.996336       -0.983739       -0.995284       -0.984393       -0.980124       -0.980291       -0.992718       -0.991346       -0.988943       -0.978286       -0.991428       -0.967835       -0.996737       -0.994941       -0.979835       -0.961691
       0.982851        0.948565        0.998103        0.999815        0.998631        0.999633        0.992324        0.979340        0.999040        0.993570        0.983144        1.000000        0.996322        0.998048        0.990820        0.988530        0.999780        0.989399        0.986891        0.879088        0.997854        0.999959        0.993376        0.989225        0.997896        0.987361        0.997431        0.977169        0.995858        0.995073        0.989403        0.988353        0.949266        0.998474        0.990827        0.976366        0.971666        0.988881        0.959685        0.999593        0.987586        0.997147        0.992928        0.958019        0.976162        0.947980        0.984798        0.966173        0.980625        0.964717       -0.940424       -0.973756       -0.955926       -0.981949       -0.994265       -0.937811       -0.996478       -0.868347       -0.988540       -0.997216       -0.988072       -0.998104       -0.954991       -0.998157       -0.991601       -0.925037       -0.965342       -0.924614       -0.964474       -0.990931       -0.997820       -0.978245       -0.977372       -0.926152       -0.997724       -0.969170       -0.918633       -0.988054       -0.947585       -0.998535       -0.966536       -0.964877       -0.974772       -0.977957       -0.970296       -0.936954       -0.966077       -0.938255       -0.929660       -0.930151       -0.958002       -0.995886       -0.948382       -0.926258       -0.954676       -0.996342       -0.972240       -0.964696       -0.998340       -0.994601
       0.963438        0.972198        0.989157        0.997784        0.999439        0.993679        0.999271        0.958413        0.999119        0.980215        0.963863        0.996322        1.000000        0.989033        0.975595        0.997835        0.997889        0.973321        0.997087        0.916633        0.988583        0.997039        0.979878        0.973045        0.999779        0.970401        0.988213        0.955533        0.999608        0.983300        0.973570        0.971914        0.918937        0.990766        0.975885        0.954415        0.948009        0.972797        0.932175        0.996566        0.970710        0.987588        0.979433        0.930035        0.954120        0.917307        0.966535        0.940666        0.960414        0.938707       -0.908291       -0.951364       -0.927815       -0.962964       -0.982982       -0.905081       -0.987560       -0.822974       -0.973027       -0.989265       -0.972283       -0.997093       -0.926600       -0.997174       -0.978072       -0.889506       -0.940032       -0.888988       -0.938873       -0.976858       -0.997340       -0.957624       -0.956378       -0.890860       -0.997563       -0.945188       -0.881830       -0.972337       -0.917272       -0.994862       -0.941685       -0.939469       -0.952857       -0.957287       -0.946738       -0.904059       -0.941084       -0.905649       -0.895127       -0.895760       -0.930521       -0.986378       -0.918272       -0.891028       -0.926276       -0.998070       -0.949383       -0.939234       -0.995356       -0.998416
       0.992444        0.926954        0.999999        0.996667        0.993416        0.999356        0.982675        0.990051        0.994360        0.998698        0.992637        0.998048        0.989033        1.000000        0.997326        0.977179        0.996535        0.996535        0.974891        0.847622        0.999995        0.997461        0.998610        0.996434        0.991900        0.995228        0.999617        0.988479        0.988602        0.999126        0.996436        0.995832        0.967031        0.999550        0.997207        0.987909        0.984480        0.996109        0.975344        0.997253        0.995383        0.999584        0.998247        0.974032        0.987769        0.965994        0.993629        0.980356        0.990884        0.979256       -0.959277       -0.985361       -0.971774       -0.991036       -0.997690       -0.957108       -0.998179       -0.897179       -0.995070       -0.998215       -0.994805       -0.994056       -0.971049       -0.994092       -0.996676       -0.946434       -0.979111       -0.946083       -0.978461       -0.996409       -0.993382       -0.988542       -0.987946       -0.947368       -0.993058       -0.981945       -0.940980       -0.994727       -0.965069       -0.996418       -0.979955       -0.978711       -0.986013       -0.988282       -0.982753       -0.956368       -0.979600       -0.957454       -0.950304       -0.950683       -0.973375       -0.998012       -0.965715       -0.947420       -0.970730       -0.990295       -0.984178       -0.978570       -0.995715       -0.987048
       0.998757        0.897063        0.997264        0.988042        0.982391        0.994066        0.966503        0.997687        0.983951        0.999754        0.998835        0.990820        0.975595        0.997326        1.000000        0.959044        0.987792        0.999949        0.956016        0.806633        0.997541        0.989590        0.999791        0.999936        0.979969        0.999425        0.997135        0.996752        0.975120        0.998838        0.999654        0.999576        0.982975        0.995774        0.999655        0.996458        0.994527        0.999547        0.988785        0.989488        0.999505        0.997395        0.999444        0.987894        0.996397        0.982243        0.998960        0.992032        0.997911        0.991371       -0.976797       -0.994266       -0.985718       -0.996964       -0.996951       -0.975162       -0.995411       -0.926686       -0.997982       -0.994619       -0.997956       -0.984559       -0.985240       -0.984573       -0.997872       -0.966998       -0.990580       -0.966732       -0.990186       -0.998075       -0.983438       -0.995897       -0.995627       -0.967717       -0.982844       -0.992246       -0.962689       -0.997815       -0.980967       -0.989177       -0.991021       -0.990266       -0.994500       -0.995680       -0.992682       -0.974569       -0.990790       -0.975396       -0.969972       -0.970223       -0.986762       -0.995750       -0.981433       -0.967714       -0.984930       -0.978490       -0.993491       -0.990173       -0.987890       -0.973490
       0.943734        0.985491        0.977358        0.991249        0.995077        0.984150        0.999618        0.937571        0.994196        0.965077        0.944259        0.988530        0.997835        0.977179        0.959044        1.000000        0.991459        0.956125        0.999941        0.940895        0.976535        0.989825        0.964631        0.955774        0.996240        0.952522        0.976184        0.934142        0.997475        0.969336        0.956540        0.954427        0.891060        0.979884        0.959526        0.932787        0.925103        0.955576        0.906395        0.989248        0.952895        0.975300        0.964166        0.903902        0.932425        0.889175        0.947674        0.916377        0.940091        0.914048       -0.879151       -0.929486       -0.901666       -0.943643       -0.969472       -0.875499       -0.975840       -0.784095       -0.956320       -0.978277       -0.955368       -0.991391       -0.900241       -0.991491       -0.962862       -0.857851       -0.915970       -0.857263       -0.914593       -0.961235       -0.992045       -0.937072       -0.935547       -0.859383       -0.992511       -0.922123       -0.849239       -0.955479       -0.889487       -0.987128       -0.917970       -0.915338       -0.931340       -0.936703       -0.923991       -0.874358       -0.917264       -0.876161       -0.864212       -0.864952       -0.904843       -0.974213       -0.890637       -0.859600       -0.899915       -0.994469       -0.927161       -0.915062       -0.988151       -0.996414
       0.978801        0.954940        0.996603        0.999996        0.999499        0.998872        0.994684        0.974918        0.999735        0.990996        0.979125        0.999780        0.997889        0.996535        0.987792        0.991459        1.000000        0.986164        0.990029        0.888759        0.996281        0.999928        0.990768        0.985964        0.999023        0.983970        0.995931        0.972627        0.997505        0.992947        0.986283        0.985085        0.942588        0.997338        0.987927        0.971747        0.966634        0.985707        0.953696        0.999593        0.984209        0.995565        0.990383        0.951915        0.971518        0.941213        0.981090        0.960684        0.976433        0.959094       -0.933103       -0.968823       -0.949588       -0.977849       -0.992047       -0.930341       -0.994842       -0.857765       -0.985289       -0.995820       -0.984753       -0.998402       -0.948586       -0.998465       -0.988837       -0.916879       -0.959694       -0.916433       -0.958756       -0.988038       -0.998244       -0.973746       -0.972783       -0.918052       -0.998228       -0.963841       -0.910158       -0.984747       -0.940702       -0.998183       -0.960993       -0.959199       -0.969946       -0.973439       -0.965068       -0.929438       -0.960498       -0.930812       -0.921744       -0.922265       -0.951814       -0.994100       -0.941549       -0.918166       -0.948259       -0.997295       -0.967183       -0.959004       -0.998149       -0.996064
       0.999211        0.892540        0.996463        0.986429        0.980448        0.992915        0.963854        0.998324        0.982093        0.999479        0.999272        0.989399        0.973321        0.996535        0.999949        0.956125        0.986164        1.000000        0.952995        0.800606        0.996780        0.988082        0.999533        0.999999        0.977901        0.999594        0.996380        0.997486        0.972849        0.998386        0.999688        0.999682        0.984778        0.994840        0.999582        0.997231        0.995510        0.999612        0.990239        0.988004        0.999664        0.996681        0.999198        0.989406        0.997181        0.984088        0.999287        0.993240        0.998473        0.992639       -0.978790       -0.995057       -0.987210       -0.997342       -0.996406       -0.977228       -0.994586       -0.930361       -0.997942       -0.993681       -0.997949       -0.982809       -0.986768       -0.982819       -0.997595       -0.969416       -0.991729       -0.969162       -0.991371       -0.997863       -0.981625       -0.996474       -0.996248       -0.970105       -0.980994       -0.993230       -0.965267       -0.997799       -0.982732       -0.987737       -0.992112       -0.991426       -0.995233       -0.996262       -0.993614       -0.976655       -0.991899       -0.977447       -0.972264       -0.972497       -0.988176       -0.994994       -0.983173       -0.970093       -0.986457       -0.976421       -0.994338       -0.991340       -0.986368       -0.971180
       0.940209        0.987222        0.975083        0.989808        0.993983        0.982223        0.999268        0.933869        0.993008        0.962274        0.940751        0.986891        0.997087        0.974891        0.956016        0.999941        0.990029        0.952995        1.000000        0.944439        0.974214        0.988272        0.961809        0.952632        0.995279        0.949217        0.973798        0.930294        0.996659        0.966649        0.953373        0.951188        0.886201        0.977683        0.956462        0.928902        0.921013        0.952371        0.901868        0.987613        0.949606        0.972871        0.961273        0.899319        0.928532        0.884283        0.944213        0.912074        0.936409        0.909698       -0.874310       -0.925787       -0.897299       -0.940346       -0.967091       -0.870592       -0.973736       -0.777731       -0.953435       -0.976284       -0.952451       -0.990229       -0.895838       -0.990329       -0.960211       -0.852618       -0.911927       -0.852017       -0.910514       -0.958514       -0.990951       -0.933581       -0.932010       -0.854178       -0.991453       -0.918244       -0.843864       -0.952577       -0.884867       -0.985647       -0.913990       -0.911291       -0.927708       -0.933213       -0.920166       -0.869436       -0.913269       -0.871272       -0.859098       -0.859861       -0.900555       -0.972046       -0.886041       -0.854410       -0.895523       -0.993652       -0.923418       -0.911009       -0.986761       -0.995846
       0.776198        0.984671        0.848094        0.888061        0.902799        0.866000        0.931186        0.764637        0.899069        0.819521        0.777207        0.879088        0.916633        0.847622        0.806633        0.940895        0.888759        0.800606        0.944439        1.000000        0.846010        0.883220        0.818537        0.799893        0.908126        0.793342        0.845343        0.758278        0.915952        0.829074        0.801460        0.797152        0.684966        0.854698        0.807666        0.755808        0.742075        0.799535        0.710008        0.881710        0.794055        0.843182        0.817575        0.705872        0.755141        0.681939        0.783787        0.726890        0.769283        0.722885       -0.668563       -0.752773       -0.704929       -0.779101       -0.833027       -0.662906       -0.848124       -0.529992       -0.804348       -0.854125       -0.802392       -0.893475       -0.702511       -0.893646       -0.818117       -0.635812       -0.728962       -0.634897       -0.726548       -0.814452       -0.896204       -0.766655       -0.763787       -0.638157       -0.897868       -0.739853       -0.623004       -0.802828       -0.685203       -0.879079       -0.732658       -0.728052       -0.756417       -0.766184       -0.743252       -0.661257       -0.731465       -0.664025       -0.645555       -0.646829       -0.710340       -0.844365       -0.687048       -0.638646       -0.702259       -0.907235       -0.748902       -0.727589       -0.882804       -0.917238
       0.992808        0.925818        0.999990        0.996415        0.993065        0.999245        0.982112        0.990469        0.994036        0.998845        0.992996        0.997854        0.988583        0.999995        0.997541        0.976535        0.996281        0.996780        0.974214        0.846010        1.000000        0.997242        0.998763        0.996683        0.991511        0.995523        0.999639        0.988940        0.988169        0.999237        0.996690        0.996108        0.967803        0.999518        0.997431        0.988381        0.985014        0.996374        0.976014        0.997055        0.995674        0.999619        0.998420        0.974719        0.988244        0.966778        0.993971        0.980956        0.991294        0.979871       -0.960050       -0.985782       -0.972399       -0.991335       -0.997716       -0.957902       -0.998124       -0.898439       -0.995245       -0.998127       -0.994990       -0.993727       -0.971685       -0.993764       -0.996782       -0.947330       -0.979636       -0.946982       -0.978997       -0.996536       -0.993035       -0.988899       -0.988317       -0.948255       -0.992699       -0.982421       -0.941921       -0.994907       -0.965772       -0.996182       -0.980461       -0.979237       -0.986414       -0.988639       -0.983213       -0.957166       -0.980111       -0.958242       -0.951162       -0.951534       -0.973976       -0.997975       -0.966411       -0.948302       -0.971363       -0.989868       -0.984612       -0.979099       -0.995452       -0.986550
       0.981187        0.951315        0.997520        0.999945        0.999051        0.999367        0.993378        0.977518        0.999388        0.992531        0.981493        0.999959        0.997039        0.997461        0.989590        0.989825        0.999928        0.988082        0.988272        0.883220        0.997242        1.000000        0.992324        0.987896        0.998425        0.985996        0.996870        0.975314        0.996630        0.994245        0.988153        0.987040        0.946502        0.998066        0.989671        0.974478        0.969604        0.987610        0.957213        0.999666        0.986226        0.996551        0.991923        0.955498        0.974263        0.945177        0.983300        0.963916        0.978919        0.962399       -0.937321       -0.971667       -0.953239       -0.980214       -0.993329       -0.934644       -0.995790       -0.863859       -0.987165       -0.996632       -0.986668       -0.998241       -0.952276       -0.998299       -0.990434       -0.921578       -0.962950       -0.921146       -0.962052       -0.989710       -0.998009       -0.976340       -0.975430       -0.922717       -0.997947       -0.966911       -0.915038       -0.986653       -0.944666       -0.998395       -0.964185       -0.962469       -0.972725       -0.976043       -0.968078       -0.933766       -0.963711       -0.935098       -0.926303       -0.926805       -0.955377       -0.995133       -0.945484       -0.922825       -0.951953       -0.996753       -0.970095       -0.962282       -0.998266       -0.995229
       0.997530        0.905904        0.998566        0.990986        0.986004        0.996079        0.971545        0.996090        0.987391        0.999998        0.997641        0.993376        0.979878        0.998610        0.999791        0.964631        0.990768        0.999533        0.961809        0.818537        0.998763        0.992324        1.000000        0.999496        0.983834        0.998770        0.998346        0.994958        0.979394        0.999437        0.999275        0.999049        0.979031        0.997347        0.999490        0.994587        0.992236        0.999104        0.985545        0.992173        0.998874        0.998523        0.999628        0.984536        0.994505        0.978216        0.997988        0.989284        0.996466        0.988504       -0.972467       -0.992353       -0.982392       -0.995884       -0.997734       -0.970682       -0.996758       -0.918978       -0.997745       -0.996196       -0.997653       -0.987777       -0.981845       -0.987796       -0.998114       -0.961812       -0.987949       -0.961522       -0.987482       -0.998184       -0.986782       -0.994418       -0.994056       -0.962592       -0.986261       -0.989943       -0.957182       -0.997530       -0.977095       -0.991768       -0.988504       -0.987612       -0.992706       -0.994190       -0.990484       -0.970049       -0.988239       -0.970949       -0.965039       -0.965328       -0.983594       -0.996957       -0.977611       -0.962606       -0.981535       -0.982353       -0.991466       -0.987506       -0.990645       -0.977838
       0.999258        0.892000        0.996362        0.986232        0.980212        0.992771        0.963533        0.998393        0.981867        0.999440        0.999318        0.989225        0.973045        0.996434        0.999936        0.955774        0.985964        0.999999        0.952632        0.799893        0.996683        0.987896        0.999496        1.000000        0.977651        0.999594        0.996270        0.997554        0.972559        0.998312        0.999672        0.999675        0.984974        0.994709        0.999553        0.997304        0.995606        0.999599        0.990394        0.987808        0.999663        0.996575        0.999148        0.989568        0.997255        0.984290        0.999305        0.993364        0.998520        0.992772       -0.979047       -0.995171       -0.987408       -0.997406       -0.996360       -0.977495       -0.994506       -0.930818       -0.997956       -0.993586       -0.997968       -0.982616       -0.986970       -0.982626       -0.997580       -0.969724       -0.991886       -0.969471       -0.991531       -0.997856       -0.981426       -0.996562       -0.996342       -0.970410       -0.980790       -0.993369       -0.965595       -0.997817       -0.982964       -0.987581       -0.992263       -0.991584       -0.995341       -0.996352       -0.993747       -0.976925       -0.992052       -0.977712       -0.972558       -0.972790       -0.988366       -0.994923       -0.983401       -0.970398       -0.986661       -0.976192       -0.994460       -0.991499       -0.986204       -0.970922
       0.968826        0.967095        0.992010        0.998956        0.999921        0.995798        0.998251        0.964168        0.999775        0.984138        0.969220        0.997896        0.999779        0.991900        0.979969        0.996240        0.999023        0.977901        0.995279        0.908126        0.991511        0.998425        0.983834        0.977651        1.000000        0.975150        0.991081        0.961418        0.999321        0.986791        0.978048        0.976538        0.926922        0.993270        0.980145        0.960376        0.954379        0.977330        0.939483        0.997933        0.975442        0.990538        0.983341        0.937457        0.960105        0.925379        0.971598        0.947485        0.965953        0.945656       -0.916854       -0.957580       -0.935413       -0.968356       -0.986507       -0.913789       -0.990507       -0.834706       -0.977578       -0.991973       -0.976902       -0.998109       -0.934263       -0.998181       -0.982141       -0.898885       -0.946952       -0.898389       -0.945862       -0.981056       -0.998228       -0.963411       -0.962255       -0.900183       -0.998372       -0.951792       -0.891518       -0.976941       -0.925403       -0.996527       -0.948500       -0.946417       -0.958963       -0.963091       -0.953242       -0.912810       -0.947934       -0.914329       -0.904269       -0.904872       -0.937970       -0.989472       -0.926354       -0.900340       -0.933948       -0.998425       -0.955717       -0.946195       -0.996859       -0.998259
