       1.000000        0.054851       -0.168719        0.137609       -0.051002        0.025638       -0.168049       -0.127007       -0.024976       -0.274872        0.139106        0.316455        0.137204        0.184764        0.033278       -0.079359        0.054427        0.303621       -0.516855       -0.057327       -0.502285       -0.045091       -0.032653       -0.304003       -0.061982        0.110853        0.073383        0.035828       -0.082584       -0.036508       -0.496349       -0.090839       -0.535377       -0.378032        0.225455       -0.242875       -0.267504        0.176648        0.146850       -0.228499       -0.246029       -0.086272       -0.013822        0.284716        0.485654        0.334517        0.194487        0.257605        0.305440        0.210058       -0.028342       -0.153886        0.322406        0.014203        0.128670       -0.174586       -0.019168       -0.174807        0.177653        0.000476        0.126716       -0.154084        0.058711        0.127575        0.143353        0.305917       -0.117676       -0.287217        0.070003       -0.100637       -0.082755        0.077331       -0.070621        0.027353       -0.151554        0.041287       -0.072488        0.049653       -0.053019        0.148755       -0.054064       -0.274749       -0.285591        0.016958        0.212312        0.215159       -0.068472        0.247955       -0.018621       -0.070810        0.023253       -0.263827       -0.187256       -0.070405       -0.173565        0.373416        0.027874        0.152975       -0.132832        0.113496
       0.054851        1.000000       -0.108874       -0.259430        0.130617       -0.034058       -0.006341       -0.011217        0.047434       -0.309094       -0.442015       -0.177151       -0.093309       -0.048720        0.013956       -0.230054        0.041635        0.053038        0.202559        0.129324        0.095117        0.104764       -0.084517        0.015463        0.025378        0.192388        0.095127        0.131504        0.317621       -0.244862        0.098083       -0.223807        0.132049       -0.067556       -0.102422        0.025201       -0.099064       -0.008250       -0.097462        0.178979       -0.088156       -0.021765       -0.065123       -0.033653       -0.204312        0.125935        0.268565       -0.127299       -0.199228       -0.068455       -0.131603       -0.065631       -0.021938       -0.150796       -0.043042        0.070445        0.012662        0.232069        0.087187       -0.109036       -0.346563       -0.026913       -0.076401        0.049269       -0.109534       -0.087136       -0.080277        0.163471        0.023094        0.074004       -0.274659       -0.131716        0.217482        0.300823        0.282206        0.115629       -0.044065        0.316645        0.202784        0.265795        0.039436        0.123424       -0.063435        0.030617       -0.171251       -0.112307        0.052124       -0.113798       -0.097829       -0.150698       -0.179320        0.090570        0.028372       -0.131446       -0.054516       -0.048201        0.046150       -0.159251       -0.046072        0.074241
      -0.168719       -0.108874        1.000000       -0.049778       -0.175274       -0.083883        0.216474        0.277206       -0.050930        0.259834       -0.021522       -0.305319       -0.226495       -0.069535       -0.306442        0.096250       -0.309522       -0.300580        0.194163       -0.214513        0.169992        0.005092       -0.126461        0.323486       -0.063418       -0.344392       -0.332656        0.438882        0.066701        0.214882        0.231300       -0.007919        0.166089        0.401481       -0.006057        0.229420        0.102041       -0.329514        0.131307       -0.378595        0.380746        0.060667        0.120201       -0.291225       -0.009287       -0.328058       -0.165357       -0.232993       -0.295089       -0.066262       -0.058325       -0.044783       -0.508431        0.221358        0.020558        0.359700       -0.323008        0.112553        0.072072       -0.120995        0.173531        0.122128       -0.339097        0.176854       -0.200355        0.061554       -0.105761        0.397993        0.089006        0.119451        0.058223       -0.030438       -0.217003        0.001664        0.076837        0.395992        0.341494        0.016459       -0.176744       -0.396144        0.019556       -0.088574        0.414879       -0.152594       -0.197854       -0.182386       -0.198692        0.077587       -0.143532        0.140960       -0.240327        0.016896        0.167520        0.141605        0.114051       -0.385730       -0.081062        0.041804        0.405006       -0.083127
       0.137609       -0.259430       -0.049778        1.000000       -0.037830       -0.098276        0.024728        0.095172       -0.034513        0.057101        0.123659        0.032494       -0.039378        0.078184        0.004022        0.071587        0.089561        0.212712       -0.111038       -0.343321       -0.256768       -0.022564       -0.006264       -0.459156       -0.270953        0.091673       -0.133830       -0.117946       -0.367392       -0.024648       -0.280183        0.236662       -0.380434       -0.002694       -0.213705        0.214798       -0.013369        0.287556        0.250582       -0.350247       -0.091724       -0.224351       -0.080333        0.188324        0.083103        0.283683        0.199212       -0.017369        0.136812        0.282082       -0.135997       -0.161838        0.068156       -0.061945       -0.204424       -0.045102       -0.054775        0.116027        0.186915       -0.059205        0.233586        0.122159        0.110613        0.157086        0.095084        0.112144       -0.084406       -0.306867       -0.046700       -0.137665       -0.090035        0.181085       -0.048710       -0.027630       -0.067492       -0.028890        0.071870        0.035594        0.000968       -0.051347       -0.059585       -0.118939       -0.137709       -0.088774        0.077149        0.209448        0.022733        0.087773       -0.100668        0.020657       -0.032288       -0.134533        0.026815        0.073455        0.019332        0.143474       -0.132155       -0.133035        0.136625       -0.010907
      -0.051002        0.130617       -0.175274       -0.037830        1.000000       -0.271421       -0.112280        0.035757        0.246699       -0.099940       -0.276508        0.018788       -0.021535        0.221973        0.087075       -0.177872       -0.144209       -0.073900       -0.063940        0.088111        0.042093       -0.044361       -0.086468       -0.165503       -0.056434        0.296260        0.345173        0.104254        0.260574       -0.188556       -0.062282       -0.148647        0.161038        0.126479       -0.222976        0.207502       -0.401023       -0.035128       -0.006145        0.126870       -0.269188        0.058226       -0.149557       -0.215942       -0.332823        0.294655        0.214876       -0.442012        0.272011       -0.069989       -0.157019        0.097524       -0.020789        0.094837       -0.020885       -0.039325       -0.014773       -0.134821        0.097441        0.207967       -0.223440       -0.129873        0.170102       -0.033445        0.049062       -0.243300       -0.162939       -0.073333        0.026205        0.012358        0.008158        0.105940        0.262002        0.159199        0.063385       -0.232076       -0.101938        0.036144        0.308259       -0.043264        0.084176        0.221544       -0.082937       -0.017355        0.320650        0.113344       -0.048566       -0.265152        0.075250       -0.233766       -0.353451        0.189471        0.184940        0.031823        0.103939        0.288349        0.135755       -0.145622       -0.219732       -0.075049
       0.025638       -0.034058       -0.083883       -0.098276       -0.271421        1.000000       -0.153278       -0.327864       -0.403916       -0.153254        0.420374        0.332135       -0.088494       -0.078064       -0.249015        0.153609        0.110482        0.164264       -0.269534       -0.107511       -0.259890        0.146053       -0.134689        0.021899        0.252616       -0.228630        0.001232        0.080786       -0.189346       -0.345441       -0.021488        0.076948       -0.144749       -0.246168        0.301476       -0.580184        0.416498        0.157752        0.133757        0.059181       -0.061522        0.127137       -0.054052        0.070687        0.497655       -0.135701       -0.343171        0.520953        0.088445        0.047342        0.295953       -0.015981        0.225293       -0.057514        0.048667       -0.220678        0.010954        0.065513       -0.132053        0.095004       -0.054228       -0.021318        0.014104       -0.000670       -0.106837        0.352255        0.254169       -0.071387       -0.004031       -0.191261       -0.082625       -0.397479       -0.412569        0.235257       -0.242459        0.117371        0.205534        0.109689       -0.350898        0.112246        0.001682       -0.125077       -0.133570        0.153719       -0.163751        0.108150       -0.262345        0.427460        0.093224        0.244352        0.233033       -0.043966       -0.263612       -0.323265       -0.089004       -0.084899       -0.337935        0.181701        0.215391       -0.049589
      -0.168049       -0.006341        0.216474        0.024728       -0.112280       -0.153278        1.000000       -0.032329        0.020554        0.338119       -0.297285       -0.126430       -0.242069       -0.043609        0.027913        0.086034        0.075299       -0.077571       -0.001342       -0.182788       -0.022744        0.030231       -0.413180        0.051614        0.041810       -0.158975       -0.310734        0.151007       -0.035425        0.040066        0.336414        0.115229        0.153878        0.005985       -0.225565        0.274348        0.028941       -0.265771       -0.264870       -0.053362        0.409290       -0.474342        0.141914        0.142959       -0.038963       -0.317044        0.037682        0.060224        0.172310       -0.142499       -0.077053        0.023341        0.021756       -0.006310       -0.089963        0.075714        0.137187        0.179039        0.110515       -0.238526       -0.049144       -0.048391       -0.306378        0.199791       -0.085435       -0.040133       -0.206855        0.124172        0.017999        0.080414       -0.098534        0.131156        0.114285        0.129113       -0.041127        0.142416        0.111819       -0.138186        0.131679       -0.188998        0.007200        0.059780        0.226445       -0.099104       -0.063458       -0.094162        0.012221       -0.085626       -0.066929       -0.263987       -0.055019       -0.142050       -0.036478        0.089152       -0.137722       -0.102303        0.105251        0.152490        0.080260        0.291499
      -0.127007       -0.011217        0.277206        0.095172        0.035757       -0.327864       -0.032329        1.000000       -0.066068        0.016804       -0.142781       -0.148403        0.010642       -0.339479       -0.115247       -0.133480       -0.253230       -0.364278        0.216652        0.002854        0.179314        0.194620        0.077907        0.027121        0.026027        0.098320        0.032365        0.279100        0.010659        0.334044        0.238522        0.218128       -0.021090       -0.064007        0.129403        0.168620       -0.167039       -0.059111        0.110998        0.067937        0.082426        0.270304       -0.051932        0.138560       -0.383499       -0.236212       -0.058182       -0.399705       -0.297495       -0.402517       -0.229943        0.119960       -0.314067        0.029509        0.274050        0.008717       -0.265327       -0.040570       -0.140267       -0.068552       -0.201743        0.164815       -0.169342        0.093244        0.175291       -0.163999       -0.142780        0.267838        0.133181        0.020171        0.375401       -0.058635        0.257944       -0.060318        0.259234        0.144075       -0.100640        0.084051        0.155003       -0.001759        0.079613        0.124741        0.495039        0.158776       -0.004396       -0.358553        0.009681       -0.390281       -0.202487       -0.064649        0.012319        0.016160       -0.025632        0.061325        0.130252       -0.119506        0.087654       -0.076574       -0.041839       -0.154436
      -0.024976        0.047434       -0.050930       -0.034513        0.246699       -0.403916        0.020554       -0.066068        1.000000        0.002520       -0.302524       -0.416200        0.121642        0.232414        0.185822       -0.232611        0.115310        0.029531       -0.013870        0.122495        0.126753       -0.284023       -0.037695        0.165581       -0.437952        0.369114        0.183974       -0.044357        0.051964        0.191361        0.055367       -0.650410        0.119700        0.218088       -0.347474        0.353417       -0.303602       -0.081397       -0.135261       -0.038130       -0.236234       -0.094339        0.235955       -0.377569       -0.190521        0.204523        0.419904       -0.475027       -0.004371        0.316146        0.235381       -0.203443       -0.173818       -0.020520       -0.206998        0.086251        0.145738       -0.105517        0.509207        0.038881        0.082925       -0.431359       -0.088441        0.060044        0.158794       -0.067558       -0.427438       -0.024847       -0.221577        0.195912       -0.156677        0.574168        0.005663       -0.035722        0.257323        0.058824       -0.358372       -0.073166        0.180779       -0.057299       -0.152498       -0.115738       -0.023273       -0.448176        0.453426        0.235060        0.127244       -0.285740       -0.082038       -0.111191       -0.565125        0.098418        0.405639        0.474009       -0.344195        0.168187        0.262093       -0.098173       -0.046396        0.370648
      -0.274872       -0.309094        0.259834        0.057101       -0.099940       -0.153254        0.338119        0.016804        0.002520        1.000000       -0.302272       -0.110738       -0.145740        0.036840        0.090788        0.207885       -0.019093       -0.216661        0.076036       -0.344852       -0.030242       -0.291947       -0.049522        0.135147        0.022605       -0.191843       -0.482568        0.031249       -0.178787        0.029354        0.211726        0.221152        0.288953        0.186320       -0.055696        0.166927       -0.203030       -0.306341       -0.398453        0.035987        0.616818       -0.434635        0.384375        0.188333       -0.235578       -0.003120       -0.166435        0.107695        0.084426        0.062546        0.070238       -0.108216       -0.147179        0.049697       -0.455191        0.345771        0.297263        0.139779        0.053912       -0.164966        0.182381        0.085826       -0.367722        0.186222       -0.112585       -0.131330        0.027540        0.187725       -0.293451        0.223519       -0.024426        0.134275       -0.120045       -0.071174       -0.056195        0.105147        0.328967       -0.430618       -0.108272       -0.167009       -0.192634        0.064423        0.299932       -0.226027       -0.098263        0.031494        0.187786       -0.126345       -0.136647       -0.159552       -0.008602        0.039906        0.085471        0.408019       -0.105880       -0.304638       -0.080557        0.079287        0.047415        0.075290
       0.139106       -0.442015       -0.021522        0.123659       -0.276508        0.420374       -0.297285       -0.142781       -0.302524       -0.302272        1.000000        0.357070        0.180083       -0.066575       -0.285592        0.229624       -0.141121        0.165551       -0.310656       -0.024399       -0.250313        0.153288        0.016844       -0.086174        0.033880       -0.265559        0.118221       -0.123333       -0.365979        0.071225       -0.228856        0.094005       -0.346051       -0.103313        0.382381       -0.412805        0.406969        0.206945        0.510807       -0.147668       -0.255269        0.354643       -0.266329       -0.115726        0.547378       -0.158447       -0.282754        0.324946        0.132835        0.071590        0.095852       -0.035159        0.232683        0.022127        0.248028       -0.214106       -0.102618       -0.316180       -0.225220        0.061452        0.128118       -0.003621        0.312938       -0.234939        0.065035        0.215366        0.179659       -0.055764        0.226994       -0.263467        0.196425       -0.148160       -0.342471       -0.001610       -0.234967       -0.085563        0.054405       -0.078148       -0.303499       -0.077985        0.090404       -0.288577       -0.132694        0.133731       -0.003555        0.171740       -0.115729        0.407894        0.364315        0.437518        0.215405       -0.104717       -0.266827       -0.312647        0.128975        0.082071       -0.249575        0.198574       -0.019397       -0.189510
       0.316455       -0.177151       -0.305319        0.032494        0.018788        0.332135       -0.126430       -0.148403       -0.416200       -0.110738        0.357070        1.000000        0.017733       -0.207658       -0.110057        0.148961       -0.050886        0.025666       -0.315684       -0.064440       -0.287078        0.128352        0.031023       -0.300578        0.168252       -0.094312        0.171234        0.046003       -0.205495       -0.080474       -0.324545        0.244039       -0.158153       -0.317492        0.360250       -0.513599        0.131932        0.125384        0.157092        0.194022       -0.118556       -0.017413       -0.376674        0.250060        0.281749       -0.037918       -0.244445        0.453808        0.348323        0.000801       -0.049224       -0.004371        0.433611       -0.044511        0.083532       -0.226911        0.103706       -0.167690       -0.356640        0.046329       -0.240522        0.048254        0.140812       -0.030616        0.136628        0.146253        0.173040       -0.086793        0.169878       -0.209451        0.145187       -0.277154       -0.070315        0.130370       -0.069037       -0.312261        0.068833        0.015800       -0.096564        0.090664        0.223269       -0.021687       -0.130198        0.369045        0.010498        0.103555        0.016564        0.202918        0.066623       -0.058591        0.368572       -0.249436       -0.285632       -0.338609        0.080531        0.254734       -0.012355        0.128971       -0.217224       -0.167563
       0.137204       -0.093309       -0.226495       -0.039378       -0.021535       -0.088494       -0.242069        0.010642        0.121642       -0.145740        0.180083        0.017733        1.000000        0.046773        0.016024        0.064864       -0.103836        0.152190       -0.234388       -0.005520       -0.121376       -0.037234        0.107074       -0.152942       -0.204815        0.124454        0.143678       -0.303686       -0.255621       -0.072508       -0.218858       -0.266190       -0.287782        0.045442        0.053609       -0.016012       -0.020466        0.038484        0.256444        0.068799       -0.023012        0.040867        0.049669        0.162138        0.125780        0.140831        0.094486        0.087018        0.142025        0.031140        0.158725        0.075513        0.073793        0.158669        0.006657       -0.101607        0.299702       -0.391713        0.002689        0.076151       -0.036328       -0.121341        0.132602       -0.178275        0.256963       -0.178686       -0.136901       -0.046548       -0.061978       -0.019480        0.072344        0.000087        0.058194       -0.076406       -0.025978       -0.271275       -0.193115       -0.131221        0.108429        0.240531        0.052663       -0.026682       -0.061247        0.011993        0.183297        0.007727        0.161262       -0.165784        0.214236       -0.009276        0.022488       -0.077016       -0.025478        0.056813       -0.234660        0.094612        0.098144        0.089881       -0.309478        0.149059
       0.184764       -0.048720       -0.069535        0.078184        0.221973       -0.078064       -0.043609       -0.339479        0.232414        0.036840       -0.066575       -0.207658        0.046773        1.000000        0.141611        0.060589       -0.041873        0.257412       -0.339057       -0.193099       -0.219895       -0.209124       -0.217512        0.081296       -0.443191        0.101547        0.101479       -0.064518        0.060329       -0.282946       -0.507126       -0.184335       -0.151889        0.330327       -0.429647        0.208218       -0.342088        0.274853        0.045294       -0.306007       -0.115354       -0.253742        0.411450       -0.186258        0.198572        0.141920        0.216998        0.027488        0.305115        0.293123        0.320695       -0.214870       -0.070431        0.208978       -0.168203        0.082021        0.057762       -0.169101        0.504028        0.047333        0.317052       -0.102574        0.084103        0.175643       -0.039805       -0.080235       -0.244760       -0.246713       -0.413161        0.072386       -0.288078        0.458568       -0.362896       -0.025651       -0.126956        0.043516       -0.016398       -0.072743       -0.072089       -0.319462       -0.278980       -0.167150       -0.299402       -0.419824        0.286385        0.345383        0.104903        0.231050        0.066650       -0.119955       -0.430528        0.110512        0.114384        0.282818       -0.278569       -0.012950       -0.028954        0.203853        0.147026        0.289916
       0.033278        0.013956       -0.306442        0.004022        0.087075       -0.249015        0.027913       -0.115247        0.185822        0.090788       -0.285592       -0.110057        0.016024        0.141611        1.000000       -0.105579        0.017776        0.204555       -0.100628        0.094808       -0.041021       -0.010933       -0.077626       -0.130611       -0.196983        0.344972        0.065447       -0.323455       -0.010262       -0.246683        0.054069       -0.070474        0.051908        0.109586       -0.187798        0.065499       -0.273303       -0.320195       -0.136580       -0.159418       -0.165839       -0.238419        0.111738        0.189239       -0.101431        0.219146        0.291511        0.103829        0.223029        0.289579        0.060621        0.021783        0.225353        0.173304       -0.149379        0.064920        0.059835        0.184821       -0.044230       -0.174982        0.137987       -0.098366       -0.035241       -0.269938       -0.018871       -0.092171       -0.042622       -0.139580       -0.115561        0.058106       -0.090155        0.114540        0.196463       -0.074579        0.030994        0.068301       -0.065197       -0.153528        0.073148        0.190200       -0.158004        0.059447       -0.091330        0.043720        0.062227        0.020209        0.186340       -0.202404       -0.130655       -0.259709        0.027471       -0.183160        0.012867        0.089859        0.121002        0.222063        0.164402       -0.134768       -0.130513        0.127055
      -0.079359       -0.230054        0.096250        0.071587       -0.177872        0.153609        0.086034       -0.133480       -0.232611        0.207885        0.229624        0.148961        0.064864        0.060589       -0.105579        1.000000       -0.086447       -0.037217       -0.218641       -0.258389       -0.153863       -0.232028        0.012412       -0.020649       -0.015071       -0.534960       -0.124791       -0.030598       -0.236738        0.203503       -0.120318        0.166051       -0.242422        0.063047        0.058596        0.079238        0.105439       -0.059832        0.155669       -0.155721        0.332330        0.006173        0.056641        0.137316        0.174077       -0.206075       -0.266434        0.226668        0.199341        0.159798       -0.052045        0.042396       -0.046370        0.249807       -0.354281        0.061967        0.149047       -0.103602       -0.154539       -0.313324        0.179668        0.294524       -0.135779       -0.042640        0.151690        0.118302        0.115877        0.169128       -0.147340       -0.191528        0.071837       -0.078562       -0.054517       -0.007036       -0.026553        0.067161        0.272027       -0.202608       -0.143085        0.042883        0.111531       -0.311691        0.039759        0.007390       -0.072832       -0.074699        0.033859        0.073065       -0.060292        0.071765        0.174065       -0.005504       -0.122198        0.202189       -0.086466       -0.219424       -0.235871        0.159399        0.176718        0.000141
       0.054427        0.041635       -0.309522        0.089561       -0.144209        0.110482        0.075299       -0.253230        0.115310       -0.019093       -0.141121       -0.050886       -0.103836       -0.041873        0.017776       -0.086447        1.000000        0.006385        0.060054       -0.114717       -0.184980       -0.190353        0.077821       -0.191642        0.166720        0.215364       -0.055153       -0.390082       -0.057107        0.208287        0.013776       -0.083527        0.069267       -0.293787        0.025883        0.028400        0.161142        0.085333       -0.438464        0.190739       -0.032119       -0.178375        0.017582        0.033314       -0.068829        0.193823        0.141386       -0.025205        0.155422        0.098962       -0.081971       -0.148103        0.328848       -0.225930       -0.134565       -0.169403        0.165764        0.003630        0.255364       -0.068593        0.026285       -0.186006        0.219459        0.332833        0.159724        0.080812       -0.068856       -0.277440       -0.083234        0.067094       -0.172464        0.282068        0.209048       -0.389536       -0.021553       -0.163025       -0.325155        0.064159        0.123027        0.043971       -0.066035        0.031921       -0.251081       -0.211346        0.225282        0.093922        0.137127       -0.039972       -0.036856       -0.250145        0.082027       -0.018014        0.084404        0.187970       -0.272589        0.191044        0.086420       -0.007698        0.106103        0.129147
       0.303621        0.053038       -0.300580        0.212712       -0.073900        0.164264       -0.077571       -0.364278        0.029531       -0.216661        0.165551        0.025666        0.152190        0.257412        0.204555       -0.037217        0.006385        1.000000       -0.345183       -0.117157       -0.430064       -0.115060        0.000868       -0.301933       -0.214434        0.158599       -0.007618       -0.249477       -0.248327       -0.373789       -0.277422       -0.337750       -0.337930       -0.169118       -0.001971        0.010358       -0.128306        0.064659        0.281881       -0.403478       -0.348742        0.054592       -0.063729        0.166198        0.368757        0.306040        0.092879        0.316420        0.376225        0.460214        0.101542       -0.072707        0.271834       -0.043161       -0.078821       -0.170507        0.006050       -0.050880        0.135203       -0.040115        0.201261       -0.305613        0.256827       -0.144824        0.115580        0.315119       -0.029441       -0.321153       -0.047789       -0.242253       -0.128995        0.108676       -0.240275        0.120217       -0.068880       -0.078394       -0.169256        0.079696       -0.125203        0.261012        0.050316       -0.231178       -0.457173        0.104504        0.049874        0.247261       -0.109061        0.268390        0.009348        0.123501        0.017844       -0.130054       -0.022352       -0.042372       -0.106853        0.131477        0.025756       -0.064110       -0.122370        0.186713
      -0.516855        0.202559        0.194163       -0.111038       -0.063940       -0.269534       -0.001342        0.216652       -0.013870        0.076036       -0.310656       -0.315684       -0.234388       -0.339057       -0.100628       -0.218641        0.060054       -0.345183        1.000000        0.213243        0.504748        0.140895        0.078627        0.166272        0.097012        0.024278       -0.131531        0.108227        0.335393        0.258888        0.492164        0.160351        0.505906        0.128438       -0.190212        0.193173        0.065678       -0.053889       -0.196991        0.225114        0.167809        0.059849       -0.186191       -0.216570       -0.596324       -0.066034        0.072738       -0.321868       -0.663488       -0.233411       -0.201447        0.304020       -0.388829       -0.072769        0.032558        0.316601       -0.083703        0.196868       -0.096767       -0.130122       -0.187602        0.172974       -0.120026       -0.145487       -0.075284       -0.253666        0.053674        0.351122        0.156371        0.257954       -0.033909       -0.155347        0.382583       -0.277317        0.233265       -0.024333       -0.009122        0.079272        0.161270       -0.071915       -0.051822        0.447571        0.234919        0.018536       -0.350562       -0.236583        0.034823       -0.310036       -0.105376        0.064076        0.078469        0.091901        0.246135       -0.037261        0.224950       -0.367158        0.235580       -0.126707        0.057967       -0.185654
      -0.057327        0.129324       -0.214513       -0.343321        0.088111       -0.107511       -0.182788        0.002854        0.122495       -0.344852       -0.024399       -0.064440       -0.005520       -0.193099        0.094808       -0.258389       -0.114717       -0.117157        0.213243        1.000000        0.213928       -0.083778        0.128617       -0.050671        0.285627        0.074456        0.401908       -0.104775        0.216141        0.147353        0.008609       -0.097295        0.126878        0.004729        0.050263       -0.125397        0.016142       -0.125024       -0.236610        0.347254       -0.301512        0.344026       -0.046349       -0.086009       -0.143861        0.171807        0.145079       -0.064171       -0.232303       -0.350162       -0.018806        0.254749        0.052371       -0.407579        0.316223       -0.204119       -0.104986        0.001367       -0.233043        0.260486       -0.028004       -0.060960        0.204382       -0.173891        0.017068       -0.144747        0.210076        0.029221        0.181406       -0.016177        0.153795       -0.219818        0.221162       -0.025760        0.092705       -0.265303       -0.269049       -0.018468        0.222548        0.154767        0.058044        0.213071       -0.143633        0.252962       -0.099382       -0.021755        0.095617       -0.129073        0.092506        0.202468        0.310823        0.016376        0.107575       -0.245302        0.176716        0.080015        0.083359       -0.217056       -0.318421       -0.113198
      -0.502285        0.095117        0.169992       -0.256768        0.042093       -0.259890       -0.022744        0.179314        0.126753       -0.030242       -0.250313       -0.287078       -0.121376       -0.219895       -0.041021       -0.153863       -0.184980       -0.430064        0.504748        0.213928        1.000000        0.222708        0.114711        0.336852       -0.105283        0.023927        0.113746        0.176780        0.302619        0.159779        0.250923        0.116954        0.405327        0.313607       -0.276370        0.303633        0.122682        0.013969       -0.047492        0.202539        0.106933        0.041625        0.011007       -0.490844       -0.446469       -0.394652        0.008083       -0.386015       -0.443045       -0.248519       -0.049146        0.041487       -0.366491        0.029564        0.088386        0.238185       -0.065470        0.172227       -0.083184        0.168111       -0.053627        0.039868       -0.151671       -0.234704       -0.196070       -0.405109        0.082327        0.338334       -0.042562        0.312166        0.071820       -0.021305        0.162957       -0.119763        0.183114        0.082137        0.150250       -0.096566        0.114821       -0.041000       -0.008581        0.269040        0.299124       -0.125352       -0.062618       -0.346272        0.029666       -0.272825       -0.119745        0.021063       -0.093487        0.185708        0.225203       -0.003421        0.231071       -0.219918        0.173292       -0.110035        0.156464       -0.192218
      -0.045091        0.104764        0.005092       -0.022564       -0.044361        0.146053        0.030231        0.194620       -0.284023       -0.291947        0.153288        0.128352       -0.037234       -0.209124       -0.010933       -0.232028       -0.190353       -0.115060        0.140895       -0.083778        0.222708        1.000000       -0.304813       -0.040818       -0.000618        0.112996        0.165296        0.217707        0.154122       -0.197586        0.200653        0.210484       -0.012507       -0.220904        0.022660       -0.171683        0.151898        0.149577        0.338456        0.106020       -0.184429        0.045218       -0.360975       -0.045082        0.093387       -0.401042        0.074851        0.074035       -0.084739       -0.328068       -0.239583        0.163070        0.072630        0.046039        0.404933        0.082593       -0.166665       -0.117676       -0.225159       -0.060625       -0.281945       -0.054168       -0.021141       -0.275382       -0.103523       -0.001790       -0.074976        0.030908        0.385010        0.096015        0.192317       -0.177557        0.177308        0.077214        0.137150        0.041119        0.053274        0.229760        0.074756        0.169620        0.044766        0.033072        0.102590        0.128765       -0.129722       -0.249192       -0.162187       -0.109571        0.070999        0.003345        0.113245       -0.272256       -0.065770       -0.411478        0.299469        0.033998        0.228006        0.116066       -0.049589       -0.061668
      -0.032653       -0.084517       -0.126461       -0.006264       -0.086468       -0.134689       -0.413180        0.077907       -0.037695       -0.049522        0.016844        0.031023        0.107074       -0.217512       -0.077626        0.012412        0.077821        0.000868        0.078627        0.128617        0.114711       -0.304813        1.000000       -0.048947       -0.059420        0.059400        0.107800       -0.494322        0.067384        0.152670       -0.171335       -0.007678        0.024468        0.040972        0.277188        0.105836        0.080833        0.104278        0.003004        0.113313        0.018272        0.322079       -0.110307        0.087951       -0.213215        0.106913       -0.380043       -0.051807       -0.295390        0.110646       -0.073033       -0.007005       -0.032840       -0.096325       -0.051057       -0.110235        0.002263       -0.007854       -0.112872        0.126695        0.033352        0.186191        0.150109       -0.115003        0.160636        0.175900        0.176523       -0.124331       -0.190781        0.017380        0.200526       -0.106833        0.054061       -0.193802        0.066225       -0.193640       -0.221148        0.142083       -0.034666        0.153844        0.150955       -0.073703       -0.084742        0.152479       -0.039709       -0.044798        0.037135       -0.052620       -0.122750        0.135507        0.105353        0.289232       -0.036684        0.134151        0.050137        0.062637       -0.090516       -0.281425        0.015775       -0.142465
      -0.304003        0.015463        0.323486       -0.459156       -0.165503        0.021899        0.051614        0.027121        0.165581        0.135147       -0.086174       -0.300578       -0.152942        0.081296       -0.130611       -0.020649       -0.191642       -0.301933        0.166272       -0.050671        0.336852       -0.040818       -0.048947        1.000000       -0.082194       -0.296850       -0.163598        0.237603        0.225414        0.102986        0.227701       -0.198750        0.261734        0.247545        0.022374        0.024386        0.139668        0.005201       -0.095527        0.076263        0.292909        0.135508        0.232295       -0.278717       -0.084403       -0.438590       -0.200967       -0.123820       -0.340569       -0.046856        0.407497       -0.060006       -0.486764        0.227413        0.067693        0.306397       -0.003357        0.119805        0.042907       -0.010790        0.019645        0.097173       -0.332431       -0.052753       -0.368623       -0.101607       -0.024289        0.295261       -0.189100        0.154162        0.043898        0.068489       -0.269491        0.101029       -0.033709        0.291733        0.181019        0.020688       -0.283832       -0.326665       -0.092551       -0.082652        0.395935       -0.133619       -0.114382       -0.210412       -0.030223       -0.004469       -0.018435        0.109988       -0.266491        0.274443       -0.000739        0.094420       -0.093047       -0.378114       -0.017177        0.203397        0.215654        0.174218
      -0.061982        0.025378       -0.063418       -0.270953       -0.056434        0.252616        0.041810        0.026027       -0.437952        0.022605        0.033880        0.168252       -0.204815       -0.443191       -0.196983       -0.015071        0.166720       -0.214434        0.097012        0.285627       -0.105283       -0.000618       -0.059420       -0.082194        1.000000       -0.307355       -0.151840        0.147935        0.114381        0.090193        0.399324        0.356463        0.169385       -0.419783        0.356588       -0.494084        0.213642       -0.140978       -0.357471        0.286894        0.169192        0.139762       -0.072585        0.286280        0.034366        0.107864       -0.249245        0.103471       -0.039142       -0.507822       -0.231049        0.267270        0.178637       -0.300659        0.227878       -0.278947       -0.196788        0.143053       -0.416354        0.203369       -0.217919        0.242560        0.107774        0.156524       -0.066592        0.114493        0.505590       -0.074830        0.360864       -0.264169        0.097397       -0.407531        0.142251        0.028967       -0.181418       -0.104041        0.017848        0.117925       -0.031967        0.061255        0.167062        0.165950        0.009611        0.362217       -0.287322       -0.182678       -0.214090        0.160204        0.175640        0.152345        0.541838        0.005787       -0.162346       -0.353145        0.268248        0.088873       -0.164887       -0.058734       -0.102039       -0.419630
