    0.000000000     0.000000000     0.000000000     0.000000000     0.000000000     0.000000000    23.642346260    40.630748694    23.449301542     0.000000000   101.750000000     0.000000000     0.000000000     0.000000000    23.486226981     0.000000000     0.000000000   104.533277574     0.000000000   129.673971861     0.000000000     0.000000000     0.000000000    77.972222222     0.000000000     0.000000000     0.000000000     0.000000000     0.000000000    21.365762931    31.183860745     0.000000000    11.270833333     0.000000000     0.000000000     0.000000000     0.000000000     0.000000000     0.000000000     0.000000000     0.000000000     0.000000000     0.000000000     0.000000000     0.000000000     0.000000000     0.000000000     0.000000000     0.000000000     0.000000000     0.000000000     0.000000000     0.000000000     0.000000000     0.000000000     0.000000000     0.000000000     0.000000000     0.000000000     0.000000000     0.000000000     0.000000000     0.000000000     0.000000000     0.000000000
    0.000000000     0.000000000     0.000000000     0.000000000     0.000000000     0.000000000     0.000000000     0.000000000     0.000000000    71.630799870     0.000000000    58.718750000     0.000000000    31.137393162     0.000000000    45.898489800     0.000000000     0.000000000     0.000000000     0.000000000    79.500000000     0.000000000    38.527356110     0.000000000    87.579840765    29.485652681     0.000000000    25.687014414     0.000000000     0.000000000     0.000000000     0.000000000     0.000000000     0.000000000    17.549325961     0.000000000     0.000000000     0.000000000     0.000000000     0.000000000     0.000000000    77.500000000     0.000000000     0.000000000     0.000000000     0.000000000     0.000000000     0.000000000     0.000000000     0.000000000     0.000000000     0.000000000     0.000000000     0.000000000    17.261904762     0.000000000    73.391666667    25.860026042     0.000000000    50.198280423     0.000000000     0.000000000     0.000000000     0.000000000     0.000000000
    0.000000000     0.000000000     0.000000000     0.000000000     0.000000000     0.000000000     0.000000000    92.139460216   110.906335121     0.000000000     0.000000000     0.000000000     0.000000000     0.000000000   102.987152044     0.000000000     0.000000000    36.538068384     0.000000000     0.000000000     0.000000000    56.907322750    17.500000000    34.100997737     0.000000000     0.000000000    34.039155262    29.943042032    84.542472040   122.750000000     0.000000000     0.000000000     0.000000000     0.000000000     0.000000000     0.000000000     0.000000000     0.000000000     0.000000000     0.000000000     0.000000000     0.000000000     0.000000000     0.000000000     0.000000000     0.000000000     0.000000000     0.000000000     0.000000000     0.000000000     0.000000000     0.000000000     0.000000000     0.000000000     0.000000000     0.000000000     0.000000000     0.000000000     0.000000000    77.305555556     0.000000000     0.000000000     0.000000000     0.000000000     0.000000000
    0.000000000     0.000000000     0.000000000     0.000000000     0.000000000     0.000000000    35.333333333    26.781250000     0.000000000    46.536981562    21.243484075     0.000000000    36.178011154     0.000000000    92.791666667     0.000000000     0.000000000     0.000000000     0.000000000     0.000000000    23.553527355     0.000000000     0.000000000     0.000000000    21.394314159     0.000000000     0.000000000     0.000000000    19.351679017   101.394199233     0.000000000     0.000000000     0.000000000     0.000000000     0.000000000     0.000000000    78.465482734     0.000000000     0.000000000     0.000000000     0.000000000    76.500000000   135.192810158     0.000000000    35.669468045     0.000000000     0.000000000     0.000000000     0.000000000     0.000000000     0.000000000     0.000000000    43.457649531     0.000000000     0.000000000     0.000000000   113.496942033     0.000000000     0.000000000     0.000000000   139.880040247     0.000000000     0.000000000     0.000000000     0.000000000
    0.000000000     0.000000000     0.000000000     0.000000000     0.000000000     0.000000000     0.000000000     0.000000000     0.000000000     0.000000000     0.000000000    37.133333333     0.000000000     0.000000000     0.000000000     0.000000000     0.000000000     0.000000000     0.000000000     0.000000000     0.000000000     0.000000000     0.000000000     0.000000000     0.000000000     0.000000000     0.000000000     0.000000000     0.000000000     0.000000000     0.000000000     0.000000000     0.000000000     0.000000000     0.000000000     0.000000000     0.000000000     0.000000000     0.000000000     0.000000000     0.000000000     0.000000000     0.000000000     0.000000000     0.000000000     0.000000000     0.000000000     0.000000000     0.000000000     0.000000000     0.000000000     0.000000000     0.000000000     0.000000000     0.000000000     0.000000000     0.000000000     0.000000000     0.000000000     0.000000000     0.000000000     0.000000000     0.000000000     0.000000000     0.000000000
    0.000000000     0.000000000     0.000000000     0.000000000     0.000000000     0.000000000     0.000000000     0.000000000     0.000000000     0.000000000     0.000000000    39.818527144     0.000000000    22.047027932     0.000000000     0.000000000     0.000000000     0.000000000     0.000000000     0.000000000     0.000000000     0.000000000     0.000000000     0.000000000     0.000000000    33.000000000    14.225345380    17.228005694     0.000000000    88.760536843     0.000000000   113.303571429     0.000000000     0.000000000     0.000000000     0.000000000     0.000000000   100.695609041     0.000000000     0.000000000     0.000000000     0.000000000     0.000000000    92.307767348     0.000000000    87.505498987     0.000000000     0.000000000     0.000000000     0.000000000     0.000000000     0.000000000     0.000000000     0.000000000     0.000000000     0.000000000     0.000000000     0.000000000     0.000000000   101.201163802     0.000000000     0.000000000     0.000000000     0.000000000     0.000000000
   23.642346260     0.000000000     0.000000000    35.333333333     0.000000000     0.000000000     0.000000000    48.646689302    23.548571710     9.185831122    28.698798869    23.875000000    20.293599283     0.000000000    39.697785673     6.566964286    11.682523148   105.928571429     0.000000000   129.250000000    10.656250000     0.000000000     9.732494840     0.000000000    27.986111111     0.000000000   115.020833333    31.583333333    40.920634921    65.951439885    46.541666667     0.000000000     0.000000000     0.000000000     0.000000000     0.000000000     0.000000000     0.000000000     0.000000000     0.000000000     0.000000000     9.496862122     0.000000000     0.000000000     0.000000000     0.000000000     0.000000000     0.000000000     0.000000000     0.000000000     0.000000000     0.000000000     0.000000000     0.000000000    12.500947909     0.000000000    25.484375000     0.000000000     0.000000000    39.822058824     0.000000000     0.000000000     0.000000000     0.000000000     0.000000000
   40.630748694     0.000000000    92.139460216    26.781250000     0.000000000     0.000000000    48.646689302     0.000000000    48.341297954     0.000000000    26.439979175     0.000000000     0.000000000     0.000000000    50.151846844     0.000000000     0.000000000   118.500000000     0.000000000     0.000000000     0.000000000    57.677874877    24.000000000    75.416224910    45.411917666     0.000000000   101.129843305   104.877777778    37.672525448    62.599841429    28.296433310     0.000000000    78.300724638     0.000000000     0.000000000     0.000000000   117.147916667     0.000000000     0.000000000     0.000000000     0.000000000     0.000000000     0.000000000     0.000000000     0.000000000     0.000000000     0.000000000    48.475000000     0.000000000     0.000000000     0.000000000     0.000000000     0.000000000     0.000000000     0.000000000     0.000000000   108.062500000     0.000000000     0.000000000     0.000000000   111.437500000     0.000000000     0.000000000     0.000000000     0.000000000
   23.449301542     0.000000000   110.906335121     0.000000000     0.000000000     0.000000000    23.548571710    48.341297954     0.000000000     0.000000000    34.464533240     0.000000000    34.000000000     0.000000000    26.527762947     0.000000000     0.000000000   117.050000000   170.376984127   141.844009625     0.000000000     0.000000000     0.000000000    97.690476190     0.000000000    54.312500000   138.196697945   139.348958333    84.041346154    29.323158959    54.179292929     8.179487179     0.000000000     0.000000000     0.000000000     0.000000000     0.000000000     0.000000000     0.000000000     0.000000000     0.000000000     0.000000000     0.000000000     0.000000000     0.000000000     0.000000000     0.000000000     0.000000000     0.000000000     0.000000000     0.000000000     0.000000000     0.000000000     0.000000000     0.000000000     0.000000000     0.000000000     0.000000000     0.000000000     0.000000000     0.000000000     0.000000000     0.000000000     0.000000000     0.000000000
    0.000000000    71.630799870     0.000000000    46.536981562     0.000000000     0.000000000     9.185831122     0.000000000     0.000000000     0.000000000     0.000000000     0.000000000    12.500151319   124.833333333     0.000000000    21.573020920    10.971064815     0.000000000     0.000000000     0.000000000    27.741198608     0.000000000    35.592294259     0.000000000    30.946835983   102.914650538     0.000000000   108.404983502    56.187500000    89.500000000     0.000000000     0.000000000     0.000000000     0.000000000    76.553333333     0.000000000    54.605489418     0.000000000     0.000000000     0.000000000     0.000000000    19.359338520     0.000000000     0.000000000     0.000000000     0.000000000     0.000000000    37.244444444     0.000000000     0.000000000     0.000000000     0.000000000    38.000000000     0.000000000    35.095891399     0.000000000    38.082670215    90.000000000     0.000000000     0.000000000     0.000000000     0.000000000     0.000000000     0.000000000     0.000000000
  101.750000000     0.000000000     0.000000000    21.243484075     0.000000000     0.000000000    28.698798869    26.439979175    34.464533240     0.000000000     0.000000000     0.000000000    22.332053769     0.000000000    63.443815418    12.614950980     0.000000000     0.000000000     0.000000000     0.000000000    19.500362464     0.000000000     0.000000000     0.000000000    17.060606061     0.000000000   142.111111111     0.000000000    32.292139399    96.151071451     0.000000000   136.125000000     0.000000000     0.000000000     0.000000000     0.000000000     0.000000000     0.000000000     0.000000000     0.000000000     0.000000000     0.000000000   126.595588235     0.000000000     0.000000000     0.000000000     0.000000000    18.400528169     0.000000000     0.000000000     0.000000000     0.000000000    45.908333333     0.000000000     0.000000000     0.000000000     0.000000000     0.000000000     0.000000000     0.000000000   131.750000000     0.000000000     0.000000000     0.000000000     0.000000000
    0.000000000    58.718750000     0.000000000     0.000000000    37.133333333    39.818527144    23.875000000     0.000000000     0.000000000     0.000000000     0.000000000     0.000000000     0.000000000    18.988499610     0.000000000     0.000000000     0.000000000    22.500000000    22.665935970    25.901862072     0.000000000     0.000000000     0.000000000     0.000000000     0.000000000    28.295053461    23.746447852    86.590909091     0.000000000    54.788158134     0.000000000    40.640625000     0.000000000     0.000000000     0.000000000     0.000000000     0.000000000     0.000000000     0.000000000     0.000000000     0.000000000     0.000000000     0.000000000    97.877420547     0.000000000    74.344776385     0.000000000     0.000000000     0.000000000     0.000000000     0.000000000     0.000000000     0.000000000     0.000000000     0.000000000     0.000000000     0.000000000    24.750000000     0.000000000   137.346666667     0.000000000     0.000000000     0.000000000     0.000000000     0.000000000
    0.000000000     0.000000000     0.000000000    36.178011154     0.000000000     0.000000000    20.293599283     0.000000000    34.000000000    12.500151319    22.332053769     0.000000000     0.000000000     0.000000000     0.000000000     0.000000000    13.299591579     0.000000000     0.000000000     0.000000000    19.019590718     0.000000000    51.071428571     0.000000000    27.181401225     0.000000000   134.501212121   158.000000000    51.750000000    99.085796785     0.000000000     0.000000000     0.000000000     0.000000000     0.000000000     0.000000000    51.043386243     0.000000000     0.000000000     0.000000000     0.000000000     0.000000000     0.000000000     0.000000000    16.999655561     0.000000000     0.000000000     0.000000000     0.000000000     0.000000000     0.000000000     0.000000000    20.704025450     0.000000000    58.250000000     0.000000000    17.000000000     0.000000000     0.000000000     0.000000000     0.000000000     0.000000000     0.000000000     0.000000000     0.000000000
    0.000000000    31.137393162     0.000000000     0.000000000     0.000000000    22.047027932     0.000000000     0.000000000     0.000000000   124.833333333     0.000000000    18.988499610     0.000000000     0.000000000     0.000000000     0.000000000     0.000000000     0.000000000     0.000000000     0.000000000     0.000000000     0.000000000     0.000000000     0.000000000   133.105585264    23.954351180    21.369878070    30.357700614     0.000000000    88.676666667     0.000000000     0.000000000     0.000000000     0.000000000     0.000000000     0.000000000     0.000000000    96.593915397     0.000000000     0.000000000     0.000000000     0.000000000     0.000000000    75.865139646     0.000000000    63.327416633     0.000000000     0.000000000     0.000000000     0.000000000     0.000000000     0.000000000     0.000000000     0.000000000     0.000000000     0.000000000     0.000000000    35.082723018     0.000000000    98.516098340     0.000000000     0.000000000     0.000000000     0.000000000     0.000000000
   23.486226981     0.000000000   102.987152044    92.791666667     0.000000000     0.000000000    39.697785673    50.151846844    26.527762947     0.000000000    63.443815418     0.000000000     0.000000000     0.000000000     0.000000000     0.000000000     0.000000000   119.966968926   168.591666667   131.928886816     0.000000000     0.000000000     0.000000000   104.839515669   111.750000000    53.046875000   135.344804524   132.479166667    90.151182410    28.808948678    53.821821408    30.835227273     0.000000000     0.000000000     0.000000000     0.000000000     0.000000000     0.000000000     0.000000000     0.000000000     0.000000000     0.000000000     0.000000000     0.000000000     0.000000000     0.000000000     0.000000000     0.000000000     0.000000000     0.000000000     0.000000000     0.000000000     0.000000000     0.000000000     0.000000000     0.000000000     0.000000000     0.000000000     0.000000000     0.000000000     0.000000000     0.000000000     0.000000000     0.000000000     0.000000000
    0.000000000    45.898489800     0.000000000     0.000000000     0.000000000     0.000000000     6.566964286     0.000000000     0.000000000    21.573020920    12.614950980     0.000000000     0.000000000     0.000000000     0.000000000     0.000000000     0.000000000     0.000000000     0.000000000     0.000000000     0.000000000    21.411179180    30.273114469    21.559425943    36.198657702     0.000000000     0.000000000    33.628767296    25.612897353     0.000000000     0.000000000     0.000000000     0.000000000     0.000000000    92.333333333     0.000000000     0.000000000     0.000000000     0.000000000     0.000000000     0.000000000    20.750000000     0.000000000     0.000000000     0.000000000     0.000000000     0.000000000    71.323664337     0.000000000     0.000000000     0.000000000     0.000000000     0.000000000    96.187619920    41.390177024    93.035013055    84.519380108     0.000000000     0.000000000    56.143359565   123.646527778     0.000000000     0.000000000     0.000000000     0.000000000
    0.000000000     0.000000000     0.000000000     0.000000000     0.000000000     0.000000000    11.682523148     0.000000000     0.000000000    10.971064815     0.000000000     0.000000000    13.299591579     0.000000000     0.000000000     0.000000000     0.000000000     0.000000000     0.000000000     0.000000000     0.000000000     0.000000000     0.000000000     0.000000000    39.991858238     0.000000000     0.000000000   133.500000000     0.000000000     0.000000000     0.000000000     0.000000000     0.000000000     0.000000000     0.000000000     0.000000000     0.000000000     0.000000000     0.000000000     0.000000000     0.000000000    14.009649123     0.000000000     0.000000000     0.000000000     0.000000000     0.000000000     0.000000000     0.000000000     0.000000000     0.000000000     0.000000000     0.000000000     0.000000000     0.000000000     0.000000000     8.683333333     0.000000000     0.000000000     0.000000000     0.000000000     0.000000000     0.000000000     0.000000000     0.000000000
  104.533277574     0.000000000    36.538068384     0.000000000     0.000000000     0.000000000   105.928571429   118.500000000   117.050000000     0.000000000     0.000000000    22.500000000     0.000000000     0.000000000   119.966968926     0.000000000     0.000000000     0.000000000     0.000000000    28.160262595     0.000000000    14.250000000     0.000000000    27.976441625     0.000000000     0.000000000    24.078411701    67.132991844     0.000000000    87.366997689    91.801018773     0.000000000     0.000000000     0.000000000     0.000000000     0.000000000     0.000000000     0.000000000     0.000000000     0.000000000     0.000000000     0.000000000     0.000000000     0.000000000     0.000000000     0.000000000     0.000000000     0.000000000     0.000000000     0.000000000     0.000000000     0.000000000     0.000000000     0.000000000     0.000000000     0.000000000     0.000000000     0.000000000     0.000000000     0.000000000     0.000000000     0.000000000     0.000000000     0.000000000     0.000000000
    0.000000000     0.000000000     0.000000000     0.000000000     0.000000000     0.000000000     0.000000000     0.000000000   170.376984127     0.000000000     0.000000000    22.665935970     0.000000000     0.000000000   168.591666667     0.000000000     0.000000000     0.000000000     0.000000000    20.868228641     0.000000000     0.000000000     0.000000000     0.000000000     0.000000000     0.000000000    23.957016840    50.653841991     0.000000000    68.268854111   148.500000000     0.000000000     0.000000000     0.000000000     0.000000000     0.000000000     0.000000000     0.000000000     0.000000000     0.000000000     0.000000000     0.000000000     0.000000000     0.000000000     0.000000000     0.000000000     0.000000000     0.000000000     0.000000000     0.000000000     0.000000000     0.000000000     0.000000000     0.000000000     0.000000000     0.000000000     0.000000000     0.000000000     0.000000000   117.225396825     0.000000000     0.000000000     0.000000000     0.000000000     0.000000000
  129.673971861     0.000000000     0.000000000     0.000000000     0.000000000     0.000000000   129.250000000     0.000000000   141.844009625     0.000000000     0.000000000    25.901862072     0.000000000     0.000000000   131.928886816     0.000000000     0.000000000    28.160262595    20.868228641     0.000000000     0.000000000   118.750000000     0.000000000    85.418300449     0.000000000     0.000000000    23.929963673    67.915499231     0.000000000    98.077918200   116.875000000     0.000000000   132.500000000     0.000000000     0.000000000     0.000000000     0.000000000     0.000000000     0.000000000     0.000000000     0.000000000     0.000000000     0.000000000     0.000000000     0.000000000     0.000000000     0.000000000     0.000000000     0.000000000     0.000000000     0.000000000     0.000000000     0.000000000     0.000000000     0.000000000     0.000000000     0.000000000     0.000000000     0.000000000     0.000000000     0.000000000     0.000000000     0.000000000     0.000000000     0.000000000
    0.000000000    79.500000000     0.000000000    23.553527355     0.000000000     0.000000000    10.656250000     0.000000000     0.000000000    27.741198608    19.500362464     0.000000000    19.019590718     0.000000000     0.000000000     0.000000000     0.000000000     0.000000000     0.000000000     0.000000000     0.000000000     0.000000000     0.000000000     0.000000000    25.538351250     0.000000000   132.195334758     0.000000000    43.575000000    67.000000000     0.000000000     0.000000000     0.000000000     0.000000000     0.000000000     0.000000000    28.811975578     0.000000000     0.000000000     0.000000000     0.000000000     0.000000000   134.625000000     0.000000000    16.583056711     0.000000000     0.000000000     0.000000000     0.000000000     0.000000000     0.000000000     0.000000000    17.229291587     0.000000000     0.000000000     0.000000000    47.208333333     0.000000000     0.000000000     0.000000000     0.000000000     0.000000000     0.000000000     0.000000000     0.000000000
    0.000000000     0.000000000    56.907322750     0.000000000     0.000000000     0.000000000     0.000000000    57.677874877     0.000000000     0.000000000     0.000000000     0.000000000     0.000000000     0.000000000     0.000000000    21.411179180     0.000000000    14.250000000     0.000000000   118.750000000     0.000000000     0.000000000    53.250000000    31.205680861    22.224532268     0.000000000   121.335714286   124.111806030    31.736275083    24.621773885    29.679610245     0.000000000    21.019486802     0.000000000     0.000000000     0.000000000     0.000000000     0.000000000     0.000000000     0.000000000     0.000000000     0.000000000     0.000000000     0.000000000     0.000000000     0.000000000     0.000000000   111.420509745     0.000000000     0.000000000     0.000000000     0.000000000     0.000000000   123.195638320     0.000000000   119.945012995    98.476812311     0.000000000     0.000000000     0.000000000   117.237087912     0.000000000     0.000000000     0.000000000     0.000000000
    0.000000000    38.527356110    17.500000000     0.000000000     0.000000000     0.000000000     9.732494840    24.000000000     0.000000000    35.592294259     0.000000000     0.000000000    51.071428571     0.000000000     0.000000000    30.273114469     0.000000000     0.000000000     0.000000000     0.000000000     0.000000000    53.250000000     0.000000000    16.925444945    53.432496267    59.452598566     0.000000000    30.731942807     0.000000000     0.000000000     0.000000000     0.000000000     0.000000000     0.000000000    38.905534570     0.000000000     0.000000000     0.000000000     0.000000000     0.000000000     0.000000000    26.764246883     0.000000000     0.000000000     0.000000000     0.000000000     0.000000000    45.759476807     0.000000000     0.000000000     0.000000000     0.000000000     0.000000000     0.000000000    19.205773271     0.000000000    59.626395851     0.000000000     0.000000000    51.014399748     0.000000000     0.000000000     0.000000000     0.000000000     0.000000000
   77.972222222     0.000000000    34.100997737     0.000000000     0.000000000     0.000000000     0.000000000    75.416224910    97.690476190     0.000000000     0.000000000     0.000000000     0.000000000     0.000000000   104.839515669    21.559425943     0.000000000    27.976441625     0.000000000    85.418300449     0.000000000    31.205680861    16.925444945     0.000000000    33.427777778     0.000000000    59.803379096    57.057221239    59.292236966    24.738882547    54.043952771     0.000000000    29.338497856     0.000000000     0.000000000     0.000000000     0.000000000     0.000000000     0.000000000     0.000000000     0.000000000     0.000000000     0.000000000     0.000000000     0.000000000     0.000000000     0.000000000    83.196796002     0.000000000     0.000000000     0.000000000     0.000000000     0.000000000     0.000000000     0.000000000   111.250000000     0.000000000     0.000000000     0.000000000    98.588689331     0.000000000     0.000000000     0.000000000     0.000000000     0.000000000
    0.000000000    87.579840765     0.000000000    21.394314159     0.000000000     0.000000000    27.986111111    45.411917666     0.000000000    30.946835983    17.060606061     0.000000000    27.181401225   133.105585264   111.750000000    36.198657702    39.991858238     0.000000000     0.000000000     0.000000000    25.538351250    22.224532268    53.432496267    33.427777778     0.000000000   106.977651515     0.000000000    98.160709246    19.261716064    85.358333333     0.000000000     0.000000000     0.000000000     0.000000000    95.680101176     0.000000000    74.776211435     0.000000000     0.000000000     0.000000000     0.000000000    34.585377116   138.664724026     0.000000000    54.469907407     0.000000000     0.000000000    92.152852526     0.000000000     0.000000000     0.000000000     0.000000000    44.546519555   123.326429037    55.530884503    97.318181818    69.675950434   134.011904762     0.000000000   114.058782267   112.610370102     0.000000000     0.000000000     0.000000000     0.000000000
    0.000000000    29.485652681     0.000000000     0.000000000     0.000000000    33.000000000     0.000000000     0.000000000    54.312500000   102.914650538     0.000000000    28.295053461     0.000000000    23.954351180    53.046875000     0.000000000     0.000000000     0.000000000     0.000000000     0.000000000     0.000000000     0.000000000    59.452598566     0.000000000   106.977651515     0.000000000    25.208333333    28.886815043     0.000000000    50.450000000     0.000000000     0.000000000     0.000000000     0.000000000    44.643939394     0.000000000     0.000000000     0.000000000     0.000000000     0.000000000     0.000000000    79.069444444     0.000000000     0.000000000     0.000000000    37.434043371     0.000000000     0.000000000     0.000000000     0.000000000     0.000000000     0.000000000     0.000000000     0.000000000     0.000000000     0.000000000     0.000000000    26.193128882     0.000000000    43.941666667     0.000000000     0.000000000     0.000000000     0.000000000     0.000000000
    0.000000000     0.000000000    34.039155262     0.000000000     0.000000000    14.225345380   115.020833333   101.129843305   138.196697945     0.000000000   142.111111111    23.746447852   134.501212121    21.369878070   135.344804524     0.000000000     0.000000000    24.078411701    23.957016840    23.929963673   132.195334758   121.335714286     0.000000000    59.803379096     0.000000000    25.208333333     0.000000000    28.785915194   133.474989344    80.380876068   108.312500000     0.000000000     0.000000000     0.000000000     0.000000000     0.000000000     0.000000000    95.198303548     0.000000000     0.000000000     0.000000000     0.000000000     0.000000000    97.805565442     0.000000000    89.317772783     0.000000000     0.000000000     0.000000000     0.000000000     0.000000000     0.000000000     0.000000000     0.000000000     0.000000000     0.000000000     0.000000000     0.000000000     0.000000000    89.223671649     0.000000000     0.000000000     0.000000000     0.000000000     0.000000000
    0.000000000    25.687014414    29.943042032     0.000000000     0.000000000    17.228005694    31.583333333   104.877777778   139.348958333   108.404983502     0.000000000    86.590909091   158.000000000    30.357700614   132.479166667    33.628767296   133.500000000    67.132991844    50.653841991    67.915499231     0.000000000   124.111806030    30.731942807    57.057221239    98.160709246    28.886815043    28.785915194     0.000000000   150.395833333   112.772916667     0.000000000     0.000000000     0.000000000     0.000000000    44.486643530    74.889739740     0.000000000   105.163095238     0.000000000     0.000000000     0.000000000     0.000000000     0.000000000   131.825406699     0.000000000    90.438398804     0.000000000    73.007254190     0.000000000     0.000000000     0.000000000     0.000000000     0.000000000     0.000000000    41.301179029     0.000000000    94.849607843    42.208450047    71.000000000    83.230258833     0.000000000     0.000000000     0.000000000     0.000000000     0.000000000
    0.000000000     0.000000000    84.542472040    19.351679017     0.000000000     0.000000000    40.920634921    37.672525448    84.041346154    56.187500000    32.292139399     0.000000000    51.750000000     0.000000000    90.151182410    25.612897353     0.000000000     0.000000000     0.000000000     0.000000000    43.575000000    31.736275083     0.000000000    59.292236966    19.261716064     0.000000000   133.474989344   150.395833333     0.000000000    96.552018321    44.396819528     0.000000000    71.785947712     0.000000000     0.000000000     0.000000000   135.293187046     0.000000000     0.000000000     0.000000000     0.000000000    89.750000000   141.874727958     0.000000000     0.000000000     0.000000000     0.000000000   103.224052556     0.000000000     0.000000000     0.000000000     0.000000000   137.918642072   119.065252206   116.750000000   125.500000000   112.360730472     0.000000000     0.000000000     0.000000000   124.591372579     0.000000000     0.000000000     0.000000000     0.000000000
   21.365762931     0.000000000   122.750000000   101.394199233     0.000000000    88.760536843    65.951439885    62.599841429    29.323158959    89.500000000    96.151071451    54.788158134    99.085796785    88.676666667    28.808948678     0.000000000     0.000000000    87.366997689    68.268854111    98.077918200    67.000000000    24.621773885     0.000000000    24.738882547    85.358333333    50.450000000    80.380876068   112.772916667    96.552018321     0.000000000    38.829106646    15.912647713    27.404171793     0.000000000     0.000000000     0.000000000   166.250000000     0.000000000     0.000000000     0.000000000     0.000000000     0.000000000     0.000000000     0.000000000     0.000000000     0.000000000     0.000000000     0.000000000     0.000000000     0.000000000     0.000000000     0.000000000     0.000000000     0.000000000     0.000000000     0.000000000     0.000000000     0.000000000     0.000000000     0.000000000     0.000000000     0.000000000     0.000000000     0.000000000     0.000000000
   31.183860745     0.000000000     0.000000000     0.000000000     0.000000000     0.000000000    46.541666667    28.296433310    54.179292929     0.000000000     0.000000000     0.000000000     0.000000000     0.000000000    53.821821408     0.000000000     0.000000000    91.801018773   148.500000000   116.875000000     0.000000000    29.679610245     0.000000000    54.043952771     0.000000000     0.000000000   108.312500000     0.000000000    44.396819528    38.829106646     0.000000000     0.000000000    29.066480770     0.000000000     0.000000000     0.000000000     0.000000000     0.000000000     0.000000000     0.000000000     0.000000000     0.000000000     0.000000000     0.000000000     0.000000000     0.000000000     0.000000000     0.000000000     0.000000000     0.000000000     0.000000000     0.000000000     0.000000000     0.000000000     0.000000000     0.000000000     0.000000000     0.000000000     0.000000000     0.000000000     0.000000000     0.000000000     0.000000000     0.000000000     0.000000000
    0.000000000     0.000000000     0.000000000     0.000000000     0.000000000   113.303571429     0.000000000     0.000000000     8.179487179     0.000000000   136.125000000    40.640625000     0.000000000     0.000000000    30.835227273     0.000000000     0.000000000     0.000000000     0.000000000     0.000000000     0.000000000     0.000000000     0.000000000     0.000000000     0.000000000     0.000000000     0.000000000     0.000000000     0.000000000    15.912647713     0.000000000     0.000000000     0.000000000     0.000000000     0.000000000     0.000000000     0.000000000     0.000000000     0.000000000     0.000000000     0.000000000     0.000000000     0.000000000     0.000000000     0.000000000     0.000000000     0.000000000     0.000000000     0.000000000     0.000000000     0.000000000     0.000000000     0.000000000     0.000000000     0.000000000     0.000000000     0.000000000     0.000000000     0.000000000     0.000000000     0.000000000     0.000000000     0.000000000     0.000000000     0.000000000
   11.270833333     0.000000000     0.000000000     0.000000000     0.000000000     0.000000000     0.000000000    78.300724638     0.000000000     0.000000000     0.000000000     0.000000000     0.000000000     0.000000000     0.000000000     0.000000000     0.000000000     0.000000000     0.000000000   132.500000000     0.000000000    21.019486802     0.000000000    29.338497856     0.000000000     0.000000000     0.000000000     0.000000000    71.785947712    27.404171793    29.066480770     0.000000000     0.000000000     0.000000000     0.000000000     0.000000000     0.000000000     0.000000000     0.000000000     0.000000000     0.000000000     0.000000000     0.000000000     0.000000000     0.000000000     0.000000000     0.000000000     0.000000000     0.000000000     0.000000000     0.000000000     0.000000000     0.000000000     0.000000000     0.000000000     0.000000000     0.000000000     0.000000000     0.000000000     0.000000000     0.000000000     0.000000000     0.000000000     0.000000000     0.000000000
    0.000000000     0.000000000     0.000000000     0.000000000     0.000000000     0.000000000     0.000000000     0.000000000     0.000000000     0.000000000     0.000000000     0.000000000     0.000000000     0.000000000     0.000000000     0.000000000     0.000000000     0.000000000     0.000000000     0.000000000     0.000000000     0.000000000     0.000000000     0.000000000     0.000000000     0.000000000     0.000000000     0.000000000     0.000000000     0.000000000     0.000000000     0.000000000     0.000000000     0.000000000     0.000000000   139.000000000     0.000000000     0.000000000    19.357142857    33.134093277    23.914092770     0.000000000    25.041666667     0.000000000     0.000000000     0.000000000    25.921338403     0.000000000     0.000000000   109.312500000     0.000000000    98.750000000     0.000000000     0.000000000     0.000000000   112.000000000     0.000000000     0.000000000     0.000000000     0.000000000     0.000000000    24.700083274    39.563537575     0.000000000    10.541666667
    0.000000000    17.549325961     0.000000000     0.000000000     0.000000000     0.000000000     0.000000000     0.000000000     0.000000000    76.553333333     0.000000000     0.000000000     0.000000000     0.000000000     0.000000000    92.333333333     0.000000000     0.000000000     0.000000000     0.000000000     0.000000000     0.000000000    38.905534570     0.000000000    95.680101176    44.643939394     0.000000000    44.486643530     0.000000000     0.000000000     0.000000000     0.000000000     0.000000000     0.000000000     0.000000000     0.000000000   102.750000000     0.000000000     0.000000000     0.000000000     0.000000000    72.244459068     0.000000000     0.000000000   101.874074074    25.684523810     0.000000000    86.500000000   112.993815104     0.000000000     0.000000000     0.000000000    87.158333333     0.000000000    37.887123635     0.000000000    88.194208421    29.270152034     0.000000000    27.982507601     0.000000000     0.000000000     0.000000000     0.000000000     0.000000000
    0.000000000     0.000000000     0.000000000     0.000000000     0.000000000     0.000000000     0.000000000     0.000000000     0.000000000     0.000000000     0.000000000     0.000000000     0.000000000     0.000000000     0.000000000     0.000000000     0.000000000     0.000000000     0.000000000     0.000000000     0.000000000     0.000000000     0.000000000     0.000000000     0.000000000     0.000000000     0.000000000    74.889739740     0.000000000     0.000000000     0.000000000     0.000000000     0.000000000   139.000000000     0.000000000     0.000000000     0.000000000     0.000000000   158.500000000    94.792822291   128.020827590     0.000000000    95.500000000     0.000000000     0.000000000     0.000000000   130.322023213    15.500000000     0.000000000    46.631303647     0.000000000    46.500000000     0.000000000    56.254993386    11.432175694    34.689040513     0.000000000     0.000000000    34.998029326    32.579341044    76.135364086     0.000000000    76.571428571     0.000000000     0.000000000
    0.000000000     0.000000000     0.000000000    78.465482734     0.000000000     0.000000000     0.000000000   117.147916667     0.000000000    54.605489418     0.000000000     0.000000000    51.043386243     0.000000000     0.000000000     0.000000000     0.000000000     0.000000000     0.000000000     0.000000000    28.811975578     0.000000000     0.000000000     0.000000000    74.776211435     0.000000000     0.000000000     0.000000000   135.293187046   166.250000000     0.000000000     0.000000000     0.000000000     0.000000000   102.750000000     0.000000000     0.000000000     0.000000000    57.813988095    43.941610251   128.500000000    49.287991841    22.329992634     0.000000000    38.015048670     0.000000000     0.000000000     0.000000000    57.805555556     0.000000000     0.000000000   130.937500000    25.168579667     0.000000000     0.000000000   127.000000000    24.639932109     0.000000000     0.000000000   135.916666667    19.914261838    99.151993338     0.000000000     0.000000000    95.000000000
    0.000000000     0.000000000     0.000000000     0.000000000     0.000000000   100.695609041     0.000000000     0.000000000     0.000000000     0.000000000     0.000000000     0.000000000     0.000000000    96.593915397     0.000000000     0.000000000     0.000000000     0.000000000     0.000000000     0.000000000     0.000000000     0.000000000     0.000000000     0.000000000     0.000000000     0.000000000    95.198303548   105.163095238     0.000000000     0.000000000     0.000000000     0.000000000     0.000000000     0.000000000     0.000000000     0.000000000     0.000000000     0.000000000     0.000000000     0.000000000     0.000000000     0.000000000     0.000000000    15.541420704     0.000000000    22.841679372     0.000000000     0.000000000     0.000000000     0.000000000     0.000000000     0.000000000     0.000000000     0.000000000     0.000000000     0.000000000     0.000000000    35.250000000    14.385485109    19.897271121     0.000000000     0.000000000     0.000000000     0.000000000     0.000000000
